   0.0099254713
   0.0096044684
   0.0142276225
   0.0153670425
   0.0118191910
   0.0134394698
   0.0057565155
  -0.0065441883
   0.0105477883
  -0.0079155354
   0.0108184028
   0.0019005056
   0.0153667613
  -0.0220595848
  -0.0262047270
  -0.0391647048
  -0.0368439345
  -0.0133883283
  -0.0239279850
  -0.0425943280
  -0.0477192859
  -0.0476045600
  -0.0351385811
  -0.0169917471
  -0.0421100140
  -0.0484450655
  -0.0503276112
  -0.0476305080
  -0.0296420771
  -0.0164193696
  -0.0405974582
  -0.0460499041
  -0.0452163634
  -0.0322883461
  -0.0191223527
  -0.0353802813
  -0.0321069530
  -0.0148956153
   0.0035770264
   0.0097915253
  -0.0068167396
  -0.0090844327
  -0.0190521353
  -0.0160630073
   0.0095441948
  -0.0179656886
  -0.0231142228
  -0.0074169403
  -0.0216673228
  -0.0151593443
   0.0133327852
   0.0129705952
   0.0118438164
   0.0096695394
  -0.0139277105
  -0.0091673058
  -0.0033852180
   0.0158471528
   0.0145835934
   0.0093421587
   0.0144299123
   0.0167659490
   0.0165485947
   0.0116948924
  -0.0006579156
   0.0168014976
   0.0162391626
   0.0155975941
   0.0183796980
   0.0158286752
   0.0175724055
   0.0005230603
   0.0105532187
  -0.0077702776
   0.0089395455
   0.0136914416
   0.0139813642
  -0.0083796608
   0.0085116878
   0.0133072904
   0.0140503556
   0.0014107137
   0.0100474521
   0.0170244060
   0.0178371907
   0.0146887491
   0.0142652685
   0.0180250240
   0.0173152701
   0.0144579832
   0.0163755703
   0.0170508417
   0.0137994955
   0.0060330184
   0.0143468896
   0.0087541669
   0.0292721469
   0.0121462580
   0.0387008448
   0.0277527714
   0.0307288556
   0.0397378191
   0.0301752500
   0.0317686286
   0.0319916832
   0.0197726322
   0.0148010108
   0.0058868032
   0.0071683698
   0.0119513840
   0.0126435866
   0.0118440917
   0.0130819642
   0.0004751052
  -0.0007072844
   0.0111812246
   0.0078467342
   0.0025093711
  -0.0051176798
   0.0083643730
  -0.0058557606
   0.0063335538
  -0.0064013944
   0.0010830958
   0.0095080924
  -0.0159628175
  -0.0188017328
  -0.0289852926
  -0.0266717287
  -0.0098921146
  -0.0168907573
  -0.0318081451
  -0.0367205896
  -0.0356822421
  -0.0249409505
  -0.0104267776
  -0.0309609094
  -0.0379458970
  -0.0400486212
  -0.0385292444
  -0.0289242318
  -0.0060737206
  -0.0297848953
  -0.0373086093
  -0.0393744258
  -0.0376969998
  -0.0281550810
  -0.0092532952
  -0.0291335025
  -0.0347335035
  -0.0333145996
  -0.0222369677
  -0.0125598233
  -0.0252452417
  -0.0225943327
  -0.0101813268
   0.0046120056
   0.0066589803
  -0.0007361566
  -0.0035832106
  -0.0097903566
  -0.0093719022
   0.0061163278
  -0.0131484301
  -0.0139545158
  -0.0016986909
  -0.0142494129
  -0.0139858531
  -0.0009056087
  -0.0127909932
  -0.0091625032
   0.0087678521
   0.0083975089
   0.0074845429
   0.0077584564
  -0.0065749491
  -0.0043715166
  -0.0000987807
   0.0128702588
   0.0133137978
   0.0124309991
   0.0087850953
  -0.0015997114
   0.0112178059
   0.0132934819
   0.0142270112
   0.0129640600
   0.0083185747
   0.0126488430
   0.0130292604
   0.0119806843
   0.0138837599
   0.0142463796
   0.0119233710
   0.0136450875
  -0.0013592959
   0.0053480561
   0.0094409522
  -0.0135310144
   0.0023118220
   0.0088486870
   0.0108804001
  -0.0069141214
   0.0052059530
   0.0099298871
   0.0113594988
  -0.0143996877
   0.0019272744
   0.0085175171
   0.0108147330
   0.0055513545
   0.0132871152
   0.0134387934
   0.0118041269
   0.0108848678
   0.0132119974
   0.0144247383
   0.0132875290
   0.0128424127
   0.0141363595
   0.0137117184
   0.0107176283
   0.0063628223
   0.0132709944
   0.0126331879
   0.0095833234
   0.0012647569
   0.0195009323
   0.0099575485
   0.0273141161
   0.0191772749
   0.0227338438
   0.0305489168
   0.0243539333
   0.0016091979
   0.0150786863
   0.0272887819
   0.0288450472
   0.0223708346
   0.0240776374
   0.0220646421
   0.0155786089
   0.0124036528
   0.0038738969
   0.0057501133
   0.0090617444
   0.0101551703
   0.0102255371
   0.0106531797
   0.0111530761
   0.0101089707
   0.0053661569
   0.0103263267
  -0.0009387255
   0.0059361385
   0.0048520802
   0.0010263507
  -0.0039203490
   0.0065351709
   0.0043364127
  -0.0039660769
   0.0041288561
  -0.0041329140
   0.0006988820
   0.0063445371
  -0.0118363719
  -0.0139494728
  -0.0228641224
  -0.0207037511
  -0.0114647494
  -0.0242409968
  -0.0292991374
  -0.0294079188
  -0.0234596709
  -0.0048878111
  -0.0229479881
  -0.0300773051
  -0.0324907671
  -0.0317911467
  -0.0261152580
  -0.0008384698
  -0.0217069634
  -0.0294301671
  -0.0319181523
  -0.0311514760
  -0.0254797782
  -0.0044153859
  -0.0214959670
  -0.0274848919
  -0.0275440866
  -0.0214174927
  -0.0084475283
  -0.0195528347
  -0.0173436165
  -0.0071446927
   0.0046162599
   0.0058887891
   0.0018921990
  -0.0009835410
  -0.0068219355
  -0.0041308619
   0.0073856760
  -0.0096118677
  -0.0081062162
   0.0019865333
  -0.0028340349
  -0.0103044412
  -0.0080728400
   0.0026132697
  -0.0013982239
  -0.0086016216
  -0.0037992447
   0.0094675038
   0.0075065877
   0.0054434066
  -0.0028231608
  -0.0016788099
   0.0014812710
   0.0114202933
   0.0113288484
   0.0098359846
   0.0053884139
   0.0105161019
   0.0116681365
   0.0116334146
   0.0096670421
   0.0045822517
   0.0096809557
   0.0099898072
   0.0095975287
   0.0113732832
   0.0115327621
   0.0092366421
   0.0109297615
   0.0035689880
   0.0080424310
  -0.0029807208
   0.0049542911
   0.0082892011
   0.0099450957
  -0.0140712826
   0.0002578164
   0.0063304499
   0.0088848452
   0.0101627614
  -0.0032851673
   0.0047773029
   0.0082478741
   0.0040223052
   0.0106869693
   0.0104901271
   0.0088480648
   0.0087577326
   0.0109110836
   0.0117521845
   0.0105478637
   0.0104049283
   0.0114626325
   0.0118023858
   0.0106149702
   0.0073593445
   0.0033317387
   0.0113322704
   0.0100197183
   0.0062295501
   0.0144803633
   0.0048381936
   0.0209579210
   0.0142182788
   0.0183246834
   0.0237286421
   0.0184201391
   0.0008817650
   0.0134134744
   0.0218121354
   0.0223482610
   0.0169945797
   0.0194395449
   0.0167993097
   0.0104343013
   0.0026849819
   0.0046476569
  -0.0024021941
   0.0075064648
   0.0092995742
   0.0090171594
   0.0096984681
   0.0091432971
   0.0098250330
   0.0097652755
   0.0077631346
   0.0020394241
   0.0083598380
  -0.0007093903
   0.0048146880
   0.0031272998
   0.0002950537
  -0.0030564088
   0.0050847654
   0.0017203055
  -0.0026780441
   0.0028856727
  -0.0028277928
   0.0004773086
   0.0044891760
  -0.0090184379
  -0.0106356254
  -0.0174807320
  -0.0156484677
  -0.0090730013
  -0.0181802258
  -0.0226484276
  -0.0233765863
  -0.0202096340
  -0.0119443616
  -0.0042546870
  -0.0173690013
  -0.0236812941
  -0.0261982938
  -0.0260770545
  -0.0227079804
  -0.0139319998
  -0.0153517068
  -0.0228660769
  -0.0261882357
  -0.0271126414
  -0.0258201802
  -0.0211936873
  -0.0153006189
  -0.0225460126
  -0.0252906661
  -0.0251611795
  -0.0217748686
  -0.0133795279
  -0.0030054439
  -0.0151691764
  -0.0206387326
  -0.0215370382
  -0.0182842347
  -0.0099959882
  -0.0060391324
  -0.0144199107
  -0.0127009378
   0.0043055623
   0.0034105224
   0.0007837150
  -0.0033335562
  -0.0008263789
   0.0060557290
  -0.0010833324
  -0.0059285264
  -0.0039997568
   0.0032711389
  -0.0063875318
  -0.0066448388
  -0.0018284269
   0.0072400808
  -0.0031576030
  -0.0067279189
  -0.0039371151
   0.0040653869
  -0.0020394848
  -0.0046489449
  -0.0005735442
   0.0076473212
   0.0054720368
   0.0038256335
  -0.0003156723
   0.0000300012
   0.0021450716
   0.0097301264
   0.0100588373
   0.0096315440
   0.0078376003
   0.0034205416
   0.0090477220
   0.0099813376
   0.0098899199
   0.0082948298
   0.0046353553
   0.0078160166
   0.0078461279
   0.0080458776
   0.0094755070
   0.0095241440
   0.0078071048
   0.0089295979
   0.0026131680
  -0.0033320342
   0.0033588871
   0.0066271399
  -0.0037320430
   0.0031165801
   0.0064388918
   0.0081418398
  -0.0038763403
   0.0030518498
   0.0064171893
   0.0082071933
  -0.0034439656
   0.0033719831
   0.0068225391
   0.0087503050
   0.0083206202
   0.0069281339
   0.0073683313
   0.0091463308
   0.0097193514
   0.0087796006
   0.0088993753
   0.0098324160
   0.0100566439
   0.0091188106
   0.0068619303
   0.0047146558
   0.0100554516
   0.0097630412
   0.0083653967
   0.0050563269
   0.0074581087
   0.0022009517
   0.0100370571
   0.0151040006
   0.0091907852
   0.0134330129
   0.0181821416
   0.0135562094
   0.0114671399
   0.0172172696
   0.0187407476
   0.0145485230
   0.0022580871
   0.0119108694
   0.0176465074
   0.0166857577
   0.0122796046
   0.0146116846
   0.0121701867
   0.0073845982
