  -0.8891737072    0.5920452793    1.8953169505
  -1.9391737072    0.5920452793    1.8953169505
  -3.4531515238   -0.8198442897    0.0766636026
  -2.9860462783   -1.7098389770    0.0766636026
  -1.9391737072    0.5920452793   -1.7419897453
   0.0250664622    0.1031432167    2.1074932743
   1.0750664622    0.1031432167    1.8261466222
  -0.4999335378    1.0124698907    1.8261466222
   0.5500664622   -0.8061834572    1.8261466222
  -1.1658982040    1.4775897103   -1.0425067257
   1.0750664622    0.1031432167   -1.8111600737
  -0.4999335378    1.0124698907   -1.8111600737
   0.0250664622    0.1031432167   -2.0925067257
   0.4254539825    1.2186613510    2.0374975218
   1.4054539825    1.2186613510    1.7749073132
   0.9154539825    2.0673662467    1.7749073132
  -0.0645460175    2.0673662467    1.7749073132
  -0.5545460175    1.2186613510    1.7749073132
   2.1228637739    1.2186613510    1.0574975218
   1.7986873502    2.2163737935    1.0574975218
   0.9499824545    2.8329939939    1.0574975218
  -0.0990744895    2.8329939939    1.0574975218
  -0.9477793852    2.2163737935    1.0574975218
   2.3854539825    1.2186613510    0.0774975218
   2.1228637739    2.1986613510    0.0774975218
   1.4054539825    2.9160711424    0.0774975218
   0.4254539825    3.1786613510    0.0774975218
  -0.5545460175    2.9160711424    0.0774975218
  -1.2719558089    2.1986613510    0.0774975218
   2.1228637739    1.2186613510   -0.9025024782
   1.7986873502    2.2163737935   -0.9025024782
   0.9499824545    2.8329939939   -0.9025024782
  -0.0990744895    2.8329939939   -0.9025024782
  -0.9477793852    2.2163737935   -0.9025024782
   1.4054539825    1.2186613510   -1.6199122696
   0.9154539825    2.0673662467   -1.6199122696
  -0.0645460175    2.0673662467   -1.6199122696
   0.4254539825    1.2186613510   -1.8825024782
   0.8400777973   -0.9378860166    1.8135701713
   1.8200777973   -0.9378860166    1.5509799627
   0.3500777973   -1.7865909123    1.5509799627
   1.3300777973   -1.7865909123    1.5509799627
   0.3155493253   -2.5522186595    0.8335701713
   1.3646062692   -2.5522186595    0.8335701713
   2.2133111649   -1.9355984591    0.8335701713
  -0.1399222027   -2.6352958080   -0.1464298287
   0.8400777973   -2.8978860166   -0.1464298287
   1.8200777973   -2.6352958080   -0.1464298287
   0.3155493253   -2.5522186595   -1.1264298287
   1.3646062692   -2.5522186595   -1.1264298287
   2.2133111649   -1.9355984591   -1.1264298287
   1.8200777973   -0.9378860166   -1.8438396201
   1.3300777973   -0.0891811209   -1.8438396201
  -0.1399222027   -0.9378860166   -1.8438396201
   0.3500777973   -1.7865909123   -1.8438396201
   1.3300777973   -1.7865909123   -1.8438396201
   0.8400777973   -0.9378860166   -2.1064298287
  -3.1841786187   -1.3898770940   -0.3130763630
  -2.4816487646   -2.2271195714   -0.3130763630
  -1.4053105830   -2.4169070332   -0.3130763630
  -3.1841786187   -0.2969346610   -1.3513734641
  -3.1841786187   -1.3898770940   -1.3513734641
  -2.4816487646   -2.2271195714   -1.3513734641
  -1.4053105830   -2.4169070332   -1.3513734641
  -0.4587946712   -1.8704358167   -1.3513734641
  -0.6952820671   -0.8434058775   -2.1913734641
  -1.3776134292    0.0957426731   -2.1913734641
  -2.4816487646   -0.2629801528   -2.1913734641
  -2.4816487646   -1.4238316022   -2.1913734641
  -1.3776134292   -1.7825544280   -2.1913734641
  -1.6827612910   -0.8434058775   -2.5122249135
  -1.7344076589    1.4926884242    1.5613018234
  -2.8384429943    1.1339655983    1.5613018234
  -1.7621048127    2.1270410294    0.7213018234
  -2.8384429943    1.9372535676    0.7213018234
  -3.5409728484    1.1000110901    0.7213018234
  -3.5409728484    0.0070686571    0.7213018234
  -1.7621048127    2.1270410294   -0.3169952777
  -2.8384429943    1.9372535676   -0.3169952777
  -3.5409728484    1.1000110901   -0.3169952777
  -3.5409728484    0.0070686571   -0.3169952777
  -1.7344076589    1.4926884242   -1.1569952777
  -2.8384429943    1.1339655983   -1.1569952777
  -1.5534749849   -1.0013410887    2.5858645643
  -0.5659957611   -1.0013410887    2.2650131149
  -1.2483271232   -0.0621925382    2.2650131149
  -2.3523624586   -0.4209153640    2.2650131149
  -2.3523624586   -1.5817668135    2.2650131149
  -1.2483271232   -1.9404896393    2.2650131149
  -3.0548923127   -0.4548698722    1.4250131149
  -3.0548923127   -1.5478123052    1.4250131149
  -2.3523624586   -2.3850547827    1.4250131149
  -1.2760242770   -2.5748422445    1.4250131149
  -0.3295083652   -2.0283710280    1.4250131149
  -2.3523624586   -2.3850547827    0.3867160138
  -1.2760242770   -2.5748422445    0.3867160138
   2.7182252916   -0.6151946179    1.1753198450
   2.0358939295    0.3239539326    1.1753198450
   3.3285210151   -0.6151946179    0.3353198450
   2.9547126875    0.4118353213    0.3353198450
   2.9547126875   -1.6422245572    0.3353198450
   3.3285210151   -0.6151946179   -0.7029772561
   2.9547126875    0.4118353213   -0.7029772561
   2.9547126875   -1.6422245572   -0.7029772561
   2.7182252916   -0.6151946179   -1.5429772561
   2.0358939295    0.3239539326   -1.5429772561
   1.7307460677   -0.6151946179   -1.8638287056
  -0.8935132202    0.5845290222    2.2389888856
  -1.9348341941    0.5845290222    2.2389888856
  -3.7540006964   -0.3172813947    0.6107138441
  -3.5222849808   -1.3324942777    0.6107138441
  -3.7540006964   -0.3172813947   -0.4573866389
  -3.5222849808   -1.3324942777   -0.4573866389
  -0.8935132202   -2.5984440362   -0.4573866389
  -1.6812126375    1.5400151620   -1.4197119219
  -3.2145620607    0.2113603235   -1.4197119219
   0.0250664622    0.1031432167    2.4074932743
   1.0663874361    0.1031432167    2.1698185572
  -0.4955940247    1.0049536336    2.1698185572
   0.5457269491   -0.7986672001    2.1698185572
  -1.2037113100    1.5212283609   -1.4888822502
   1.0663874361    0.1031432167   -2.1548320087
   0.5457269491    1.0049536336   -2.1548320087
  -0.4955940247    1.0049536336   -2.1548320087
   0.0250664622    0.1031432167   -2.3925067257
   0.4254539825    1.2186613510    2.3174975218
   1.3973535581    1.2186613510    2.0956677859
   0.9114037703    2.0603510734    2.0956677859
  -0.0604958053    2.0603510734    2.0956677859
  -0.5464455931    1.2186613510    2.0956677859
   2.1767565032    1.2186613510    1.4741146780
   1.8422874841    2.2480511450    1.4741146780
   0.9666362237    2.8842490253    1.4741146780
  -0.1157282587    2.8842490253    1.4741146780
  -0.9913795191    2.2480511450    1.4741146780
   2.6092925058    1.2186613510    0.5759444139
   2.3591469620    2.2335417168    0.5759444139
   1.6660156601    3.0159252214    0.5759444139
   0.6886866283    3.3865772326    0.5759444139
  -0.3489458304    3.2605858417    0.5759444139
  -1.2091726245    2.6668141577    0.5759444139
   2.6092925058    1.2186613510   -0.4209493702
   2.3591469620    2.2335417168   -0.4209493702
   1.6660156601    3.0159252214   -0.4209493702
   0.6886866283    3.3865772326   -0.4209493702
  -0.3489458304    3.2605858417   -0.4209493702
  -1.2091726245    2.6668141577   -0.4209493702
   2.1767565032    1.2186613510   -1.3191196343
   1.8422874841    2.2480511450   -1.3191196343
   0.9666362237    2.8842490253   -1.3191196343
  -0.1157282587    2.8842490253   -1.3191196343
  -0.9913795191    2.2480511450   -1.3191196343
   1.3973535581    1.2186613510   -1.9406727423
   0.9114037703    2.0603510734   -1.9406727423
  -0.0604958053    2.0603510734   -1.9406727423
   0.4254539825    1.2186613510   -2.1625024782
   0.8400777973   -0.9378860166    2.0935701713
   1.8119773729   -0.9378860166    1.8717404354
   0.3541280095   -1.7795757390    1.8717404354
   1.3260275851   -1.7795757390    1.8717404354
   0.2988955561   -2.6034736909    1.2501873274
   1.3812600385   -2.6034736909    1.2501873274
   2.2569112988   -1.9672758106    1.2501873274
   0.0656779844   -2.9798105073    0.3520170633
   1.1033104431   -3.1058018983    0.3520170633
   2.0806394749   -2.7351498870    0.3520170633
   0.0656779844   -2.9798105073   -0.6448767208
   1.1033104431   -3.1058018983   -0.6448767208
   2.0806394749   -2.7351498870   -0.6448767208
   0.2988955561   -2.6034736909   -1.5430469849
   1.3812600385   -2.6034736909   -1.5430469849
   2.2569112988   -1.9672758106   -1.5430469849
   1.8119773729   -0.9378860166   -2.1646000928
   1.3260275851   -0.0961962942   -2.1646000928
  -0.1318217784   -0.9378860166   -2.1646000928
   0.3541280095   -1.7795757390   -2.1646000928
   1.3260275851   -1.7795757390   -2.1646000928
   0.8400777973   -0.9378860166   -2.3864298287
  -3.6027612910   -0.8434058775   -0.8322249135
  -3.3455300662   -1.8034058775   -0.8322249135
  -2.6427612910   -2.5061746527   -0.8322249135
  -1.6827612910   -2.7634058775   -0.8322249135
  -0.7227612910   -2.5061746527   -0.8322249135
  -3.0279694879    0.1339450866   -1.7922249135
  -3.3455300662   -0.8434058775   -1.7922249135
  -3.0279694879   -1.8207568416   -1.7922249135
  -2.1965851002   -2.4247929563   -1.7922249135
  -1.1689374817   -2.4247929563   -1.7922249135
  -0.7227612910   -0.8434058775   -2.4949936888
  -1.2027612910   -0.0120214898   -2.4949936888
  -2.1627612910   -0.0120214898   -2.4949936888
  -2.6427612910   -0.8434058775   -2.4949936888
  -2.1627612910   -1.6747902651   -2.4949936888
  -1.2027612910   -1.6747902651   -2.4949936888
  -1.6827612910   -0.8434058775   -2.7522249135
  -1.5595555206    1.3849242612    1.8649220481
  -2.5195555206    1.3849242612    1.8649220481
  -2.9995555206    0.5535398736    1.8649220481
  -1.5257317114    2.1349269524    1.1621532729
  -2.5533793299    2.1349269524    1.1621532729
  -3.3847637175    1.5308908377    1.1621532729
  -3.7023242959    0.5535398736    1.1621532729
  -2.0395555206    2.4735398736    0.2021532729
  -2.9995555206    2.2163086489    0.2021532729
  -3.7023242959    1.5135398736    0.2021532729
  -3.9595555206    0.5535398736    0.2021532729
  -1.5257317114    2.1349269524   -0.7578467271
  -2.5533793299    2.1349269524   -0.7578467271
  -3.3847637175    1.5308908377   -0.7578467271
  -3.7023242959    0.5535398736   -0.7578467271
  -2.5195555206    1.3849242612   -1.4606155024
  -1.5534749849   -1.0013410887    2.8258645643
  -0.5934749849   -1.0013410887    2.5686333396
  -1.0734749849   -0.1699567011    2.5686333396
  -2.0334749849   -0.1699567011    2.5686333396
  -2.5134749849   -1.0013410887    2.5686333396
  -2.0334749849   -1.8327254764    2.5686333396
  -1.0734749849   -1.8327254764    2.5686333396
  -3.2162437602   -1.0013410887    1.8658645643
  -2.8986831818   -1.9786920528    1.8658645643
  -2.0672987942   -2.5827281675    1.8658645643
  -1.0396511757   -2.5827281675    1.8658645643
  -0.2082667880   -1.9786920528    1.8658645643
  -3.2162437602   -1.9613410887    0.9058645643
  -2.5134749849   -2.6641098640    0.9058645643
  -1.5534749849   -2.9213410887    0.9058645643
  -0.5934749849   -2.6641098640    0.9058645643
   2.6907460677   -0.6151946179    1.4789400697
   2.2107460677    0.2161897697    1.4789400697
   3.3935148430   -0.6151946179    0.7761712944
   3.0759542646    0.3621563461    0.7761712944
   3.0759542646   -1.5925455820    0.7761712944
   3.6507460677   -0.6151946179   -0.1838287056
   3.3935148430    0.3448053821   -0.1838287056
   2.6907460677    1.0475741573   -0.1838287056
   2.6907460677   -2.2779633932   -0.1838287056
   3.3935148430   -1.5751946179   -0.1838287056
   3.3935148430   -0.6151946179   -1.1438287056
   3.0759542646    0.3621563461   -1.1438287056
   3.0759542646   -1.5925455820   -1.1438287056
   2.6907460677   -0.6151946179   -1.8465974809
   2.2107460677    0.2161897697   -1.8465974809
   2.2107460677   -1.4465790056   -1.8465974809
  -0.8975510735    0.5775352552    2.5711383404
  -1.9307963409    0.5775352552    2.5711383404
  -3.2460264752    0.2205991092    1.9858519118
  -3.9086484450   -0.3172813947    1.1099088700
  -4.1141737072   -0.3172813947    0.0766636026
  -3.9086484450   -1.3505266621    0.0766636026
  -3.3233620164   -2.2264697039    0.0766636026
  -2.4474189746   -2.8117561325    0.0766636026
  -1.4141737072   -3.0172813947    0.0766636026
  -3.9086484450   -0.3172813947   -0.9565816648
  -1.6858795326    1.5724741304   -1.8325247066
  -2.6644261646    1.1255868574   -1.8325247066
   0.0250664622    0.1031432167    2.7074932743
   1.0583117296    0.1031432167    2.5019680120
  -0.4915561715    0.9979598666    2.5019680120
   0.5416890959   -0.7916734332    2.5019680120
   1.9342547714    0.1031432167    1.9166815835
  -1.2251859952    1.5460114688   -1.9016950349
   1.0583117296    0.1031432167   -2.4869814635
   0.5416890959    0.9979598666   -2.4869814635
  -0.4915561715    0.9979598666   -2.4869814635
   0.0250664622    0.1031432167   -2.6925067257
   0.4254539825    1.2186613510    2.5974975218
   1.5188410051    1.2186613510    2.3479390689
   0.9721474938    2.1655622887    2.3479390689
  -0.1212395288    2.1655622887    2.3479390689
   2.3956693183    1.2186613510    1.6486918225
   2.0829045942    2.2838401807    1.6486918225
   1.2439110118    3.0108322582    1.6486918225
   0.1450631056    3.1688227355    1.6486918225
  -0.8647626784    2.7076507524    1.6486918225
   2.8822723212    1.2186613510    0.6382502754
   2.6389708198    2.2846348781    0.6382502754
   1.9572551617    3.1394792749    0.6382502754
   0.9721474938    3.6138821245    0.6382502754
  -0.1212395288    3.6138821245    0.6382502754
  -1.1063471967    3.1394792749    0.6382502754
   2.8822723212    1.2186613510   -0.4832552317
   2.6389708198    2.2846348781   -0.4832552317
   1.9572551617    3.1394792749   -0.4832552317
   0.9721474938    3.6138821245   -0.4832552317
  -0.1212395288    3.6138821245   -0.4832552317
  -1.1063471967    3.1394792749   -0.4832552317
   2.3956693183    1.2186613510   -1.4936967789
   2.0829045942    2.2838401807   -1.4936967789
   1.2439110118    3.0108322582   -1.4936967789
   0.1450631056    3.1688227355   -1.4936967789
  -0.8647626784    2.7076507524   -1.4936967789
   1.5188410051    1.2186613510   -2.1929440253
   0.9721474938    2.1655622887   -2.1929440253
  -0.1212395288    2.1655622887   -2.1929440253
   0.4254539825    1.2186613510   -2.4425024782
   0.8400777973   -0.9378860166    2.3735701713
   1.9334648198   -0.9378860166    2.1240117184
   0.2933842860   -1.8847869543    2.1240117184
   1.3867713086   -1.8847869543    2.1240117184
   0.5596869204   -2.8880474011    1.4247644720
   1.6585348266   -2.7300569238    1.4247644720
   2.4975284090   -2.0030648463    1.4247644720
   0.2933842860   -3.3331067901    0.4143229248
   1.3867713086   -3.3331067901    0.4143229248
   2.3718789765   -2.8587039405    0.4143229248
  -0.6917233819   -2.8587039405   -0.7071825823
   0.2933842860   -3.3331067901   -0.7071825823
   1.3867713086   -3.3331067901   -0.7071825823
   2.3718789765   -2.8587039405   -0.7071825823
  -0.4501388636   -2.4268754180   -1.7176241294
   0.5596869204   -2.8880474011   -1.7176241294
   1.6585348266   -2.7300569238   -1.7176241294
   2.4975284090   -2.0030648463   -1.7176241294
   1.9334648198   -0.9378860166   -2.4168713758
   1.3867713086    0.0090149211   -2.4168713758
   0.2933842860   -1.8847869543   -2.4168713758
   1.3867713086   -1.8847869543   -2.4168713758
   0.8400777973   -0.9378860166   -2.6664298287
  -3.7799956166   -1.3603277123   -0.8322249135
  -3.2995445070   -2.2757508193   -0.8322249135
  -2.4487078470   -2.8630409617   -0.8322249135
  -1.4224020616   -2.9876570455   -0.8322249135
  -3.4776031171   -0.3163927667   -1.9122249135
  -3.4776031171   -1.3704189883   -1.9122249135
  -2.9077535191   -2.2571222709   -1.9122249135
  -1.9489775440   -2.6949805875   -1.9122249135
  -0.9056797895   -2.5449770162   -1.9122249135
  -0.6027612910   -0.8434058775   -2.7028397857
  -1.1427612910    0.0919015586   -2.7028397857
  -2.2227612910    0.0919015586   -2.7028397857
  -2.7627612910   -0.8434058775   -2.7028397857
  -2.2227612910   -1.7787133136   -2.7028397857
  -1.1427612910   -1.7787133136   -2.7028397857
  -1.6827612910   -0.8434058775   -2.9922249135
  -2.5795555206    1.4888473097    2.0727681450
  -3.1195555206    0.5535398736    2.0727681450
  -2.3057717736    2.4051145836    1.2821532729
  -3.2645477487    1.9672562670    1.2821532729
  -3.8343973468    1.0805529844    1.2821532729
  -3.8343973468    0.0265267628    1.2821532729
  -1.7791962913    2.6977910417    0.2021532729
  -2.8055020766    2.5731749578    0.2021532729
  -3.6563387367    1.9858848154    0.2021532729
  -4.1367898463    1.0704617085    0.2021532729
  -4.1367898463    0.0366180388    0.2021532729
  -2.3057717736    2.4051145836   -0.8778467271
  -3.2645477487    1.9672562670   -0.8778467271
  -3.8343973468    1.0805529844   -0.8778467271
  -2.5795555206    1.4888473097   -1.6684615993
  -1.5534749849   -1.0013410887    3.0658645643
  -0.4734749849   -1.0013410887    2.7764794365
  -1.0134749849   -0.0660336526    2.7764794365
  -2.0934749849   -0.0660336526    2.7764794365
  -2.6334749849   -1.0013410887    2.7764794365
  -2.0934749849   -1.9366485248    2.7764794365
  -1.0134749849   -1.9366485248    2.7764794365
  -3.3483168111   -0.4743279779    1.9858645643
  -3.3483168111   -1.5283541995    1.9858645643
  -2.7784672131   -2.4150574822    1.9858645643
  -1.8196912379   -2.8529157987    1.9858645643
  -0.7763934835   -2.7029122275    1.9858645643
   0.0201863848   -2.0126718424    1.9858645643
  -3.1702582010   -2.4336860305    0.9058645643
  -2.3194215410   -3.0209761729    0.9058645643
  -1.2931157556   -3.1455922568    0.9058645643
   2.8107460677   -0.6151946179    1.6867861666
   2.2707460677    0.3201128182    1.6867861666
   3.6013609399   -0.6151946179    0.8961712944
   3.3044074375    0.3961361357    0.8961712944
   3.3044074375   -1.6265253716    0.8961712944
   3.8907460677   -0.6151946179   -0.1838287056
   3.6433310831    0.3886074337   -0.1838287056
   2.9577659207    1.1624505324   -0.1838287056
   2.9577659207   -2.3928397683   -0.1838287056
   3.6433310831   -1.6189966696   -0.1838287056
   3.6013609399   -0.6151946179   -1.2638287056
   3.3044074375    0.3961361357   -1.2638287056
   3.3044074375   -1.6265253716   -1.2638287056
   2.8107460677   -0.6151946179   -2.0544435778
   2.2707460677    0.3201128182   -2.0544435778
  -0.9011434922    0.5713130035    2.8957414650
  -1.9272039222    0.5713130035    2.8957414650
  -1.6886083513    1.5914534812    2.3747969320
  -3.2644242922    0.2260011957    2.3747969320
  -3.9554757198   -0.8574518127    1.5766636026
  -4.3182922959   -0.8601552440    0.5976081356
  -3.9260749882   -1.8725848210    0.5976081356
  -4.3182922959   -0.8601552440   -0.4442809304
  -3.9260749882   -1.8725848210   -0.4442809304
  -3.1946114936   -2.6749620521   -0.4442809304
  -2.2226900102   -3.1589214460   -0.4442809304
  -1.1415739199   -3.2591016049   -0.4442809304
  -3.9554757198    0.2228890233   -1.4233363974
  -1.6886083513    1.5914534812   -2.2214697268
  -2.6769828047    1.1400779926   -2.2214697268
   0.0250664622    0.1031432167    3.0074932743
   1.0511268922    0.1031432167    2.8265711366
  -0.4879637528    0.9917376149    2.8265711366
   0.5380966772   -0.7854511815    2.8265711366
   1.9534292913    0.1031432167    2.3056266036
  -1.2377426354    1.5605026040   -2.2906400551
   1.0511268922    0.1031432167   -2.8115845881
   0.5380966772    0.9917376149   -2.8115845881
  -0.4879637528    0.9917376149   -2.8115845881
   0.0250664622    0.1031432167   -2.9925067257
   0.4254539825    1.2186613510    2.8774975218
   1.4969675931    1.2186613510    2.6643602129
   0.9612107878    2.1466193583    2.6643602129
  -0.1103028228    2.1466193583    2.6643602129
   2.4053529698    1.2186613510    2.0573965091
   2.1400968024    2.2086108446    2.0573965091
   1.4154034762    2.9333041709    2.0573965091
   0.4254539825    3.1985603383    2.0573965091
  -0.5644955112    2.9333041709    2.0573965091
  -1.2891888375    2.2086108446    2.0573965091
   3.0123166735    1.2186613510    1.1490111324
   2.7886706434    2.2708331980    1.1490111324
   2.1564029835    3.1410749740    1.1490111324
   1.2248385161    3.6789139700    1.1490111324
   0.1550532007    3.7913529375    1.1490111324
  -0.8679773630    3.4589501575    1.1490111324
  -1.6673618967    2.7391810905    1.1490111324
   3.0363762248    2.2301380163    0.0774975218
   2.4946789507    3.1050091532    0.0774975218
   1.6735213787    3.7251185668    0.0774975218
   0.6838053890    4.0067170446    0.0774975218
  -0.3408023897    3.9117731519    0.0774975218
  -1.2619229994    3.4531095874    0.0774975218
   2.7886706434    2.2708331980   -0.9940160888
   2.1564029835    3.1410749740   -0.9940160888
   1.2248385161    3.6789139700   -0.9940160888
   0.1550532007    3.7913529375   -0.9940160888
  -0.8679773630    3.4589501575   -0.9940160888
  -1.6673618967    2.7391810905   -0.9940160888
   2.4053529698    1.2186613510   -1.9024014655
   2.1400968024    2.2086108446   -1.9024014655
   1.4154034762    2.9333041709   -1.9024014655
   0.4254539825    3.1985603383   -1.9024014655
  -0.5644955112    2.9333041709   -1.9024014655
  -1.2891888375    2.2086108446   -1.9024014655
   1.4969675931    1.2186613510   -2.5093651692
   0.9612107878    2.1466193583   -2.5093651692
  -0.1103028228    2.1466193583   -2.5093651692
   1.9115914079   -0.9378860166    2.4404328623
   0.3043209920   -1.8658440239    2.4404328623
   1.3758346026   -1.8658440239    2.4404328623
   0.8400777973   -2.9177850039    1.8334691586
   1.8300272909   -2.6525288365    1.8334691586
   2.5547206172   -1.9278355102    1.8334691586
  -0.4533535482   -3.1781748231    0.9250837819
   0.5696770155   -3.5105776031    0.9250837819
   1.6394623309   -3.3981386357    0.9250837819
   2.5710267983   -2.8602996396    0.9250837819
   0.0738214251   -3.6309978175   -0.1464298287
   1.0984292038   -3.7259417102   -0.1464298287
   2.0881451934   -3.4443432324   -0.1464298287
   2.9093027655   -2.8242338188   -0.1464298287
  -0.4533535482   -3.1781748231   -1.2179434393
   0.5696770155   -3.5105776031   -1.2179434393
   1.6394623309   -3.3981386357   -1.2179434393
   2.5710267983   -2.8602996396   -1.2179434393
  -0.1498716964   -2.6525288365   -2.1263288160
   0.8400777973   -2.9177850039   -2.1263288160
   1.8300272909   -2.6525288365   -2.1263288160
   2.5547206172   -1.9278355102   -2.1263288160
   1.9115914079   -0.9378860166   -2.7332925198
   1.3758346026   -0.0099280093   -2.7332925198
   0.3043209920   -1.8658440239   -2.7332925198
   1.3758346026   -1.8658440239   -2.7332925198
   0.8400777973   -0.9378860166   -2.9464298287
  -4.0225882802   -0.8434058775   -1.3662751550
  -3.7908725645   -1.8586187605   -1.3662751550
  -3.1416195569   -2.6727562812   -1.3662751550
  -2.2034217779   -3.1245685190   -1.3662751550
  -1.1621008040   -3.1245685190   -1.3662751550
  -3.4831496445   -0.3147641593   -2.3286004380
  -3.4831496445   -1.3720475957   -2.3286004380
  -2.9115390632   -2.2614910217   -2.3286004380
  -1.9498002213   -2.7007024342   -2.3286004380
  -0.9032784059   -2.5502353129   -2.3286004380
  -0.6414403171   -0.8434058775   -2.9945501965
  -1.1621008040    0.0584045394   -2.9945501965
  -2.2034217779    0.0584045394   -2.9945501965
  -2.7240822648   -0.8434058775   -2.9945501965
  -2.2034217779   -1.7452162944   -2.9945501965
  -1.1621008040   -1.7452162944   -2.9945501965
  -1.6827612910   -0.8434058775   -3.2322249135
  -2.5602160076    1.4553502905    2.3644785558
  -2.3065944510    2.4108364303    1.6985287973
  -3.2683332929    1.9716250178    1.6985287973
  -3.8399438742    1.0821815918    1.6985287973
  -2.5602160076    2.8347025151    0.7362035144
  -3.4984137865    2.3828902773    0.7362035144
  -4.1476667942    1.5687527566    0.7362035144
  -4.3793825099    0.5535398736    0.7362035144
  -2.5602160076    2.8347025151   -0.3318969686
  -3.4984137865    2.3828902773   -0.3318969686
  -4.1476667942    1.5687527566   -0.3318969686
  -4.3793825099    0.5535398736   -0.3318969686
  -2.3065944510    2.4108364303   -1.2942222516
  -3.2683332929    1.9716250178   -1.2942222516
  -3.8399438742    1.0821815918   -1.2942222516
  -1.5534749849   -1.0013410887    3.3058645643
  -0.5121540111   -1.0013410887    3.0681898473
  -1.0328144980   -0.0995306719    3.0681898473
  -2.0741354719   -0.0995306719    3.0681898473
  -2.5947959588   -1.0013410887    3.0681898473
  -2.0741354719   -1.9031515056    3.0681898473
  -1.0328144980   -1.9031515056    3.0681898473
  -3.3538633385   -0.4726993706    2.4022400888
  -3.3538633385   -1.5299828069    2.4022400888
  -2.7822527572   -2.4194262330    2.4022400888
  -1.8205139153   -2.8586376454    2.4022400888
  -0.7739920999   -2.7081705242    2.4022400888
   0.0250494071   -2.0157971170    2.4022400888
  -3.6615862585   -2.0165539717    1.4399148058
  -3.0123332508   -2.8306914924    1.4399148058
  -2.0741354719   -3.2825037302    1.4399148058
  -1.0328144980   -3.2825037302    1.4399148058
  -2.0741354719   -3.2825037302    0.3718143229
  -1.0328144980   -3.2825037302    0.3718143229
   2.7720670416   -0.6151946179    1.9784965774
   3.6071416257   -0.6151946179    1.3125468189
   3.3092704598    0.3992614104    1.3125468189
   3.3092704598   -1.6296506462    1.3125468189
   4.0705730570   -0.6151946179    0.3502215359
   3.8388573413    0.4000182650    0.3502215359
   3.1896043336   -2.4445450216    0.3502215359
   3.8388573413   -1.6304075009    0.3502215359
   4.0705730570   -0.6151946179   -0.7178789471
   3.8388573413    0.4000182650   -0.7178789471
   3.1896043336    1.2141557858   -0.7178789471
   3.1896043336   -2.4445450216   -0.7178789471
   3.8388573413   -1.6304075009   -0.7178789471
   3.6071416257   -0.6151946179   -1.6802042301
   3.3092704598    0.3992614104   -1.6802042301
   3.3092704598   -1.6296506462   -1.6802042301
   2.7720670416   -0.6151946179   -2.3461539886
   2.2514065547    0.2866157989   -2.3461539886
