#! FIELDS phi psi metad.bias der_phi der_psi
#! SET min_phi -pi
#! SET max_phi pi
#! SET nbins_phi  58
#! SET periodic_phi true
#! SET min_psi -pi
#! SET max_psi pi
#! SET nbins_psi  19
#! SET periodic_psi true
   -3.141592654   -3.141592654  122.889682706   45.824934483    1.336673775
   -3.033261872   -3.141592654  127.365161570   36.593768692    0.270540742
   -2.924931091   -3.141592654  130.792168034   26.517381211   -0.811578830
   -2.816600310   -3.141592654  133.132894825   16.481831573   -1.881407471
   -2.708269529   -3.141592654  134.423163652    7.203147416   -2.895070563
   -2.599938748   -3.141592654  134.766777818   -0.643488482   -3.848501144
   -2.491607967   -3.141592654  134.362553464   -6.696778063   -4.734579111
   -2.383277185   -3.141592654  133.410153497  -10.828862013   -5.574103040
   -2.274946404   -3.141592654  132.125542545  -13.000034803   -6.392075509
   -2.166615623   -3.141592654  130.690142248  -13.601365484   -7.220317140
   -2.058284842   -3.141592654  129.241956189  -13.104978971   -8.067342410
   -1.949954061   -3.141592654  127.882671918  -12.126559550   -8.919485740
   -1.841623280   -3.141592654  126.622397932  -11.235101866   -9.755221669
   -1.733292499   -3.141592654  125.424226848  -10.894253252  -10.510181725
   -1.624961717   -3.141592654  124.222150510  -11.432750455  -11.119586441
   -1.516630936   -3.141592654  122.897730504  -13.001311455  -11.506312694
   -1.408300155   -3.141592654  121.357460875  -15.580709622  -11.608988680
   -1.299969374   -3.141592654  119.478057644  -19.031590710  -11.392922054
   -1.191638593   -3.141592654  117.190322872  -23.066950038  -10.851746036
   -1.083307812   -3.141592654  114.448329386  -27.365465588  -10.015391607
   -0.974977030   -3.141592654  111.250787944  -31.420194139   -8.947644289
   -0.866646249   -3.141592654  107.675304915  -34.746850316   -7.723719216
   -0.758315468   -3.141592654  103.778681963  -37.012251924   -6.434163174
   -0.649984687   -3.141592654   99.716157929  -37.831901809   -5.146612312
   -0.541653906   -3.141592654   95.653881362  -36.979919916   -3.928341491
   -0.433323125   -3.141592654   91.772751219  -34.143176422   -2.798155596
   -0.324992343   -3.141592654   88.318640372  -29.266809984   -1.752163145
   -0.216661562   -3.141592654   85.508324220  -22.317203114   -0.763940926
   -0.108330781   -3.141592654   83.540713491  -13.589630043    0.216386843
    0.000000000   -3.141592654   82.592765464   -3.631527199    1.239127034
    0.108330781   -3.141592654   82.751123911    6.869482844    2.362423388
    0.216661562   -3.141592654   84.039423791   16.984409989    3.624137616
    0.324992343   -3.141592654   86.350934314   25.850350579    5.044302322
    0.433323125   -3.141592654   89.506419806   32.306676112    6.601242568
    0.541653906   -3.141592654   93.185367124   35.612700707    8.251095212
    0.649984687   -3.141592654   97.032328837   35.259469882    9.925026373
    0.758315468   -3.141592654  100.641847375   31.001152475   11.527643195
    0.866646249   -3.141592654  103.601576283   23.216712484   12.953624628
    0.974977030   -3.141592654  105.563003639   12.674707664   14.120314247
    1.083307812   -3.141592654  106.284626221    0.406998680   14.947792434
    1.191638593   -3.141592654  105.633437449  -12.189811086   15.382879261
    1.299969374   -3.141592654  103.674589644  -23.802017852   15.431386962
    1.408300155   -3.141592654  100.574210984  -33.088320629   15.111967360
    1.516630936   -3.141592654   96.642969910  -39.065803251   14.480369453
    1.624961717   -3.141592654   92.289504101  -40.901808143   13.616213461
    1.733292499   -3.141592654   87.972906494  -38.508420616   12.598876407
    1.841623280   -3.141592654   84.120813059  -32.139484139   11.518033062
    1.949954061   -3.141592654   81.163510165  -22.246647051   10.448541237
    2.058284842   -3.141592654   79.430123066   -9.683238565    9.438817239
    2.166615623   -3.141592654   79.137846448    4.377907634    8.521492374
    2.274946404   -3.141592654   80.403533107   18.771861940    7.701427802
    2.383277185   -3.141592654   83.189410409   32.315631985    6.965766952
    2.491607967   -3.141592654   87.341691759   43.856083433    6.279516598
    2.599938748   -3.141592654   92.600593699   52.634045370    5.604469430
    2.708269529   -3.141592654   98.618544646   58.023835935    4.901167158
    2.816600310   -3.141592654  105.029007137   59.912199984    4.125808629
    2.924931091   -3.141592654  111.448302162   58.146337535    3.280924745
    3.033261872   -3.141592654  117.505216364   53.275397631    2.342688095

   -3.141592654   -2.810898690  114.402511339   40.078428981   -0.990176131
   -3.033261872   -2.810898690  118.304840771   31.768170300   -1.664834814
   -2.924931091   -2.810898690  121.271366976   22.706472321   -2.302860406
   -2.816600310   -2.810898690  123.256928353   13.670831938   -2.896817436
   -2.708269529   -2.810898690  124.290621601    5.348169494   -3.449313061
   -2.599938748   -2.810898690  124.483220651   -1.713217708   -3.963672112
   -2.491607967   -2.810898690  123.989090327   -7.184507464   -4.468838506
   -2.383277185   -2.810898690  123.015283080  -10.830552277   -4.972284610
   -2.274946404   -2.810898690  121.741281632  -12.717336900   -5.496934266
   -2.166615623   -2.810898690  120.350918432  -13.096464190   -6.072301472
   -2.058284842   -2.810898690  118.970609883  -12.358877347   -6.688901041
   -1.949954061   -2.810898690  117.708695423  -11.023944875   -7.325260359
   -1.841623280   -2.810898690  116.594112430   -9.596957564   -7.951485336
   -1.733292499   -2.810898690  115.615468066   -8.477253337   -8.509326890
   -1.624961717   -2.810898690  114.722370008   -8.058626590   -8.940417265
   -1.516630936   -2.810898690  113.832367959   -8.448444799   -9.187992670
   -1.408300155   -2.810898690  112.839997576   -9.831899933   -9.205162983
   -1.299969374   -2.810898690  111.653115986  -12.201175877   -8.968524817
   -1.191638593   -2.810898690  110.157159109  -15.334895382   -8.473229024
   -1.083307812   -2.810898690  108.287882222  -19.042130505   -7.746848443
   -0.974977030   -2.810898690  106.009536134  -22.889565408   -6.833325018
   -0.866646249   -2.810898690  103.359346798  -26.304323401   -5.784180639
   -0.758315468   -2.810898690  100.363281716  -29.013686473   -4.659369044
   -0.649984687   -2.810898690   97.137445305  -30.438725068   -3.508876823
   -0.541653906   -2.810898690   93.836666326  -30.292462981   -2.369042916
   -0.433323125   -2.810898690   90.649493873  -28.086041968   -1.245883078
   -0.324992343   -2.810898690   87.819046579  -23.727362279   -0.133928573
   -0.216661562   -2.810898690   85.586570298  -17.154127974    1.000827137
   -0.108330781   -2.810898690   84.165039048   -8.653059795    2.188468097
    0.000000000   -2.810898690   83.748097248    1.196887924    3.484824919
    0.108330781   -2.810898690   84.425436200   11.655460962    4.921541856
    0.216661562   -2.810898690   86.220135533   21.634703450    6.511232913
    0.324992343   -2.810898690   89.019133316   30.176024736    8.244950223
    0.433323125   -2.810898690   92.614250224   36.059444357   10.079873183
    0.541653906   -2.810898690   96.661873640   38.577904662   11.962399279
    0.649984687   -2.810898690  100.781253561   37.156104733   13.798948589
    0.758315468   -2.810898690  104.532917068   31.677998578   15.481988439
    0.866646249   -2.810898690  107.497010922   22.616539170   16.897773248
    0.974977030   -2.810898690  109.329513054   10.875804718   17.960403493
    1.083307812   -2.810898690  109.792525089   -2.486303917   18.595300718
    1.191638593   -2.810898690  108.782064233  -15.932754687   18.754955088
    1.299969374   -2.810898690  106.374433008  -28.137140595   18.454347028
    1.408300155   -2.810898690  102.787730852  -37.746478133   17.734769283
    1.516630936   -2.810898690   98.336707356  -43.855010363   16.659138963
    1.624961717   -2.810898690   93.457211196  -45.773094261   15.316667316
    1.733292499   -2.810898690   88.603672641  -43.424911868   13.791082190
    1.841623280   -2.810898690   84.218636222  -37.105402706   12.189969629
    1.949954061   -2.810898690   80.706094043  -27.444444869   10.581752139
    2.058284842   -2.810898690   78.391131929  -15.200460164    9.048510528
    2.166615623   -2.810898690   77.494592107   -1.519456557    7.594938942
    2.274946404   -2.810898690   78.091905544   12.412411397    6.276319491
    2.383277185   -2.810898690   80.160947836   25.432411620    5.075577451
    2.491607967   -2.810898690   83.535054263   36.566249262    3.993147945
    2.599938748   -2.810898690   87.991044405   45.037412567    3.004824886
    2.708269529   -2.810898690   93.183050573   50.341654898    2.101141397
    2.816600310   -2.810898690   98.764371072   52.348643501    1.265053595
    2.924931091   -2.810898690  104.373236650   51.016457455    0.472504906
    3.033261872   -2.810898690  109.690455895   46.714825892   -0.275333621

   -3.141592654   -2.480204727  111.617772382   36.629108827   -3.220809497
   -3.033261872   -2.480204727  115.154438642   28.451199017   -3.525046177
   -2.924931091   -2.480204727  117.766029181   19.590971482   -3.751525148
   -2.816600310   -2.480204727  119.420029639   10.793046959   -3.911997398
   -2.708269529   -2.480204727  120.164620915    2.829723080   -4.039866622
   -2.599938748   -2.480204727  120.103539405   -3.883528994   -4.148552487
   -2.491607967   -2.480204727  119.397701206   -8.957259370   -4.271493325
   -2.383277185   -2.480204727  118.252352543  -12.220115144   -4.425205300
   -2.274946404   -2.480204727  116.847095414  -13.769731508   -4.637460372
   -2.166615623   -2.480204727  115.353757225  -13.853647648   -4.923710250
   -2.058284842   -2.480204727  113.918403267  -12.741590506   -5.275674592
   -1.949954061   -2.480204727  112.633293169  -11.017275317   -5.677527146
   -1.841623280   -2.480204727  111.547693860   -9.094970372   -6.092260825
   -1.733292499   -2.480204727  110.655921089   -7.401643992   -6.467827981
   -1.624961717   -2.480204727  109.914215080   -6.338222921   -6.754902276
   -1.516630936   -2.480204727  109.246645826   -6.053725569   -6.908530691
   -1.408300155   -2.480204727  108.544655936   -6.806536601   -6.893001058
   -1.299969374   -2.480204727  107.719944445   -8.567870936   -6.675559732
   -1.191638593   -2.480204727  106.644049221  -11.277302397   -6.269457501
   -1.083307812   -2.480204727  105.226544918  -14.659321454   -5.691171113
   -0.974977030   -2.480204727  103.446275850  -18.334328864   -4.946409666
   -0.866646249   -2.480204727  101.284185308  -21.833166610   -4.082593105
   -0.758315468   -2.480204727   98.762657124  -24.677503014   -3.141331073
   -0.649984687   -2.480204727   96.008999824  -26.321544421   -2.143795691
   -0.541653906   -2.480204727   93.127630943  -26.452085544   -1.123316380
   -0.433323125   -2.480204727   90.342288524  -24.476655034   -0.054149387
   -0.324992343   -2.480204727   87.890562035  -20.305267902    1.063935032
   -0.216661562   -2.480204727   86.021910452  -13.826936264    2.261822587
   -0.108330781   -2.480204727   84.960573548   -5.378442620    3.562654210
    0.000000000   -2.480204727   84.902229156    4.575472267    4.992037862
    0.108330781   -2.480204727   85.949885004   15.174444750    6.562093540
    0.216661562   -2.480204727   88.136058489   25.323616123    8.265931031
    0.324992343   -2.480204727   91.347599950   34.043170035   10.070653108
    0.433323125   -2.480204727   95.366028599   40.059450502   11.916717724
    0.541653906   -2.480204727   99.850729259   42.599677676   13.724678606
    0.649984687   -2.480204727  104.404158524   41.052122826   15.410276743
    0.758315468   -2.480204727  108.561810115   35.234284866   16.861959175
    0.866646249   -2.480204727  111.885866218   25.612965342   17.987158839
    0.974977030   -2.480204727  113.995849459   13.037989897   18.697028721
    1.083307812   -2.480204727  114.637295443   -1.313632654   18.951930877
    1.191638593   -2.480204727  113.698039997  -15.984518589   18.729575819
    1.299969374   -2.480204727  111.216229915  -29.383667853   18.047724080
    1.408300155   -2.480204727  107.425107885  -40.213987827   16.972099421
    1.516630936   -2.480204727  102.647881517  -47.377458762   15.569527872
    1.624961717   -2.480204727   97.331780553  -50.202999251   13.929024440
    1.733292499   -2.480204727   91.967531855  -48.448640149   12.134459810
    1.841623280   -2.480204727   87.014842014  -42.478949444   10.290377117
    1.949954061   -2.480204727   82.912130312  -32.867117738    8.459188018
    2.058284842   -2.480204727   80.010454879  -20.535104368    6.708541113
    2.166615623   -2.480204727   78.540153855   -6.611471006    5.058754397
    2.274946404   -2.480204727   78.615894522    7.696993202    3.550541587
    2.383277185   -2.480204727   80.189421538   21.065187213    2.196567543
    2.491607967   -2.480204727   83.113428336   32.513523670    0.996533745
    2.599938748   -2.480204727   87.144463037   41.221219186   -0.049381088
    2.708269529   -2.480204727   91.935321816   46.701727264   -0.945413058
    2.816600310   -2.480204727   97.125525529   48.794612395   -1.699661776
    2.924931091   -2.480204727  102.353117544   47.473611614   -2.319649201
    3.033261872   -2.480204727  107.281207682   43.144401978   -2.819800291

   -3.141592654   -2.149510763  109.801407030   35.677653447   -5.701829355
   -3.033261872   -2.149510763  113.259501487   27.891154418   -5.751325607
   -2.924931091   -2.149510763  115.835522463   19.348484621   -5.669103769
   -2.816600310   -2.149510763  117.475347415   10.806814082   -5.481733911
   -2.708269529   -2.149510763  118.228709981    3.008468380   -5.223588507
   -2.599938748   -2.149510763  118.185624021   -3.643626188   -4.919237141
   -2.491607967   -2.149510763  117.511530014   -8.672285026   -4.590676790
   -2.383277185   -2.149510763  116.391421794  -11.986876885   -4.257109806
   -2.274946404   -2.149510763  115.001796815  -13.642991726   -3.940784417
   -2.166615623   -2.149510763  113.514859411  -13.810764905   -3.652343773
   -2.058284842   -2.149510763  112.078782657  -12.790669728   -3.395471597
   -1.949954061   -2.149510763  110.786597807  -11.092242868   -3.165756552
   -1.841623280   -2.149510763  109.694771313   -9.109522872   -2.955375545
   -1.733292499   -2.149510763  108.806603800   -7.268058138   -2.758117024
   -1.624961717   -2.149510763  108.086057851   -5.990938325   -2.559501540
   -1.516630936   -2.149510763  107.468842019   -5.449458177   -2.358009146
   -1.408300155   -2.149510763  106.857136140   -5.895116339   -2.144680409
   -1.299969374   -2.149510763  106.152399394   -7.288564261   -1.906476077
   -1.191638593   -2.149510763  105.230742844   -9.651785693   -1.639643881
   -1.083307812   -2.149510763  104.013426329  -12.733126258   -1.340694259
   -0.974977030   -2.149510763  102.465967845  -16.030367413   -0.983447563
   -0.866646249   -2.149510763  100.548288021  -19.278673698   -0.558295064
   -0.758315468   -2.149510763   98.321134257  -21.916899466   -0.073055065
   -0.649984687   -2.149510763   95.878888722  -23.280608528    0.522026319
   -0.541653906   -2.149510763   93.348194126  -23.128733924    1.221500339
   -0.433323125   -2.149510763   90.937364412  -20.837982040    2.053934652
   -0.324992343   -2.149510763   88.900355248  -16.340159791    3.031161697
   -0.216661562   -2.149510763   87.476078408   -9.513757956    4.167737123
   -0.108330781   -2.149510763   86.909947667   -0.728854120    5.465655871
    0.000000000   -2.149510763   87.360324614    9.468431131    6.904352261
    0.108330781   -2.149510763   88.948907138   20.157079517    8.470413796
    0.216661562   -2.149510763   91.669083783   30.314380940   10.102740294
    0.324992343   -2.149510763   95.411421050   38.764802263   11.752425182
    0.433323125   -2.149510763   99.923758303   44.417021132   13.331767635
    0.541653906   -2.149510763  104.856045626   46.345006024   14.768259297
    0.649984687   -2.149510763  109.765870715   44.126872388   15.975012688
    0.758315468   -2.149510763  114.215354300   37.417001557   16.874980070
    0.866646249   -2.149510763  117.724392265   26.863313147   17.412099008
    0.974977030   -2.149510763  119.915243757   13.250984310   17.540089556
    1.083307812   -2.149510763  120.521240835   -2.086529420   17.251975910
    1.191638593   -2.149510763  119.448738032  -17.735349041   16.572799426
    1.299969374   -2.149510763  116.721483736  -32.030748721   15.533060516
    1.408300155   -2.149510763  112.596987271  -43.690172417   14.204814384
    1.516630936   -2.149510763  107.413766559  -51.526835840   12.650263891
    1.624961717   -2.149510763  101.614208550  -54.946589960   10.942896392
    1.733292499   -2.149510763   95.708018489  -53.598628309    9.150070534
    1.841623280   -2.149510763   90.181844946  -47.923948805    7.331591080
    1.949954061   -2.149510763   85.487774415  -38.418114434    5.549834603
    2.058284842   -2.149510763   81.984947800  -26.064678081    3.823082820
    2.166615623   -2.149510763   79.925304981  -11.953592481    2.196097304
    2.274946404   -2.149510763   79.437871340    2.648268143    0.683440594
    2.383277185   -2.149510763   80.483381333   16.418824989   -0.691193533
    2.491607967   -2.149510763   82.932986732   28.350875887   -1.915269076
    2.599938748   -2.149510763   86.540242164   37.622673041   -2.983491119
    2.708269529   -2.149510763   90.978573619   43.645562706   -3.874198429
    2.816600310   -2.149510763   95.871601252   46.274610216   -4.598015596
    2.924931091   -2.149510763  100.845212689   45.558207451   -5.144036449
    3.033261872   -2.149510763  105.593716882   41.743675299   -5.504691750

   -3.141592654   -1.818816799  107.540258068   35.512220990   -8.155372351
   -3.033261872   -1.818816799  111.008338336   28.186487862   -8.073025634
   -2.924931091   -1.818816799  113.629987486   20.046642570   -7.824825876
   -2.816600310   -1.818816799  115.362588990   11.829232696   -7.433047512
   -2.708269529   -1.818816799  116.240866604    4.281869851   -6.930052504
   -2.599938748   -1.818816799  116.341574883   -2.185180589   -6.335852132
   -2.491607967   -1.818816799  115.841189163   -7.100316649   -5.679196039
   -2.383277185   -1.818816799  114.894259725  -10.363409957   -4.980643036
   -2.274946404   -1.818816799  113.673524831  -12.040658111   -4.256124139
   -2.166615623   -1.818816799  112.360455209  -12.223106577   -3.527042151
   -2.058284842   -1.818816799  111.097418518  -11.253604784   -2.807845190
   -1.949954061   -1.818816799  109.968744464   -9.626817013   -2.106047874
   -1.841623280   -1.818816799  109.031463185   -7.727677144   -1.433285540
   -1.733292499   -1.818816799  108.294685994   -5.972555594   -0.809453521
   -1.624961717   -1.818816799  107.711584017   -4.741023845   -0.247589965
   -1.516630936   -1.818816799  107.222753525   -4.338880520    0.238169724
   -1.408300155   -1.818816799  106.733669139   -4.819036621    0.638269130
   -1.299969374   -1.818816799  106.136274733   -6.289279536    0.947663583
   -1.191638593   -1.818816799  105.330895212   -8.621595359    1.187319240
   -1.083307812   -1.818816799  104.227780412  -11.592579387    1.368095961
   -0.974977030   -1.818816799  102.823202685  -14.614052261    1.536057281
   -0.866646249   -1.818816799  101.072858940  -17.520954047    1.729258726
   -0.758315468   -1.818816799   99.051515729  -19.723249859    1.990533425
   -0.649984687   -1.818816799   96.871118589  -20.648376783    2.355003117
   -0.541653906   -1.818816799   94.659149784  -19.902563634    2.880340357
   -0.433323125   -1.818816799   92.630311505  -17.082616694    3.585881125
   -0.324992343   -1.818816799   91.022540158  -12.098623012    4.488155892
   -0.216661562   -1.818816799   90.075572586   -4.953342892    5.573024272
   -0.108330781   -1.818816799   90.014357954    4.009512184    6.815490441
    0.000000000   -1.818816799   90.987347213   14.210082370    8.169976258
    0.108330781   -1.818816799   93.079318074   24.757427861    9.578535025
    0.216661562   -1.818816799   96.285636911   34.584542329   10.960871916
    0.324992343   -1.818816799  100.464885907   42.562835441   12.241652041
    0.433323125   -1.818816799  105.356803673   47.613972060   13.351653947
    0.541653906   -1.818816799  110.592974609   48.785569094   14.221466342
    0.649984687   -1.818816799  115.718433096   45.634349673   14.802087561
    0.758315468   -1.818816799  120.276237505   37.896955131   15.054913862
    0.866646249   -1.818816799  123.772455682   26.169162785   14.970573091
    0.974977030   -1.818816799  125.819032100   11.358996306   14.545571077
    1.083307812   -1.818816799  126.159444197   -5.169665443   13.807555746
    1.191638593   -1.818816799  124.692566691  -21.890622919   12.805814568
    1.299969374   -1.818816799  121.480221595  -37.047664788   11.577851239
    1.408300155   -1.818816799  116.766075832  -49.304338713   10.185169716
    1.516630936   -1.818816799  110.946843893  -57.485541363    8.681348125
    1.624961717   -1.818816799  104.501830554  -60.973435034    7.104970606
    1.733292499   -1.818816799   97.944671642  -59.526158203    5.502667945
    1.841623280   -1.818816799   91.796210503  -53.502852815    3.889958992
    1.949954061   -1.818816799   86.526086298  -43.574417181    2.314277514
    2.058284842   -1.818816799   82.487146623  -30.758352386    0.775510708
    2.166615623   -1.818816799   79.946640958  -16.222873417   -0.692634206
    2.274946404   -1.818816799   79.017569923   -1.193187763   -2.094209440
    2.383277185   -1.818816799   79.665199473   12.998509787   -3.395229291
    2.491607967   -1.818816799   81.763900383   25.300810203   -4.580501645
    2.599938748   -1.818816799   85.063162823   34.987803772   -5.630662090
    2.708269529   -1.818816799   89.237668352   41.444953841   -6.512934053
    2.816600310   -1.818816799   93.918581688   44.551111134   -7.225329860
    2.924931091   -1.818816799   98.730983288   44.341664236   -7.736664978
    3.033261872   -1.818816799  103.378673009   41.067335428   -8.047105310

   -3.141592654   -1.488122836  104.826704885   35.648936135   -9.984932332
   -3.033261872   -1.488122836  108.343834304   28.876718379   -9.768843465
   -2.924931091   -1.488122836  111.065446790   21.250372486   -9.365600137
   -2.816600310   -1.488122836  112.948412564   13.428908702   -8.799216323
   -2.708269529   -1.488122836  114.009729882    6.165124546   -8.087932913
   -2.599938748   -1.488122836  114.337547373   -0.041295359   -7.277296562
   -2.491607967   -1.488122836  114.076173284   -4.779056099   -6.376893841
   -2.383277185   -1.488122836  113.384840560   -7.939204039   -5.417268237
   -2.274946404   -1.488122836  112.437673479   -9.508150796   -4.414912753
   -2.166615623   -1.488122836  111.398280583   -9.650685776   -3.385211619
   -2.058284842   -1.488122836  110.411042168   -8.681158053   -2.348842305
   -1.949954061   -1.488122836  109.570066051   -7.032165032   -1.330136511
   -1.841623280   -1.488122836  108.910234009   -5.172660495   -0.339824245
   -1.733292499   -1.488122836  108.445534072   -3.482794288    0.584268438
   -1.624961717   -1.488122836  108.125787480   -2.353150821    1.419045955
   -1.516630936   -1.488122836  107.893130074   -2.073358081    2.129577776
   -1.408300155   -1.488122836  107.645117913   -2.657643040    2.703406983
   -1.299969374   -1.488122836  107.280127011   -4.188693607    3.128561769
   -1.191638593   -1.488122836  106.699864551   -6.555514367    3.421410170
   -1.083307812   -1.488122836  105.821218878   -9.425801506    3.611020226
   -0.974977030   -1.488122836  104.662335512  -12.359080343    3.745166864
   -0.866646249   -1.488122836  103.172504172  -15.031829719    3.883687033
   -0.758315468   -1.488122836  101.439097854  -17.000759772    4.081481195
   -0.649984687   -1.488122836   99.550755173  -17.759203365    4.367326475
   -0.541653906   -1.488122836   97.654318954  -16.923350402    4.814290635
   -0.433323125   -1.488122836   95.948509479  -14.159572380    5.419313043
   -0.324992343   -1.488122836   94.653371723   -9.318082467    6.179131272
   -0.216661562   -1.488122836   93.990734406   -2.411422215    7.067558676
   -0.108330781   -1.488122836   94.188330219    6.260109270    8.031340596
    0.000000000   -1.488122836   95.390448369   16.117927719    9.008591365
    0.108330781   -1.488122836   97.672949399   26.379620211    9.924580937
    0.216661562   -1.488122836  101.042778087   35.959247406   10.718423831
    0.324992343   -1.488122836  105.355887257   43.773211025   11.313550361
    0.433323125   -1.488122836  110.376463253   48.678511869   11.678154192
    0.541653906   -1.488122836  115.720642171   49.743643439   11.780485310
    0.649984687   -1.488122836  120.947593139   46.311350210   11.608231507
    0.758315468   -1.488122836  125.560227859   38.343881947   11.173886888
    0.866646249   -1.488122836  129.074157920   26.151842990   10.505925077
    0.974977030   -1.488122836  131.092230885   10.727422768    9.639424168
    1.083307812   -1.488122836  131.321582534   -6.551484814    8.612862601
    1.191638593   -1.488122836  129.657595360  -24.123704665    7.477799475
    1.299969374   -1.488122836  126.151537275  -40.174548696    6.276158567
    1.408300155   -1.488122836  121.059631941  -53.295820536    5.038237385
    1.516630936   -1.488122836  114.758832180  -62.265263354    3.789906978
    1.624961717   -1.488122836  107.759428966  -66.379910573    2.545143523
    1.733292499   -1.488122836  100.596497131  -65.361607675    1.307670821
    1.841623280   -1.488122836   93.805647097  -59.534568501    0.079840638
    1.949954061   -1.488122836   87.874697692  -49.640200560   -1.147134474
    2.058284842   -1.488122836   83.192686855  -36.626465694   -2.358373291
    2.166615623   -1.488122836   80.022224056  -21.792358899   -3.554318804
    2.274946404   -1.488122836   78.513125738   -6.319920561   -4.734511923
    2.383277185   -1.488122836   78.638950728    8.429274929   -5.866108913
    2.491607967   -1.488122836   80.273850538   21.365304376   -6.922259877
    2.599938748   -1.488122836   83.182197869   31.681545675   -7.870197336
    2.708269529   -1.488122836   87.041933431   38.867953767   -8.684497409
    2.816600310   -1.488122836   91.480720557   42.649424410   -9.322474008
    2.924931091   -1.488122836   96.122925966   43.198824061   -9.762837116
    3.033261872   -1.488122836  100.685030264   40.600779997   -9.977550145

   -3.141592654   -1.157428872  104.600234274   37.160289603  -10.679988780
   -3.033261872   -1.157428872  108.294647036   30.575397858  -10.290844735
   -2.924931091   -1.157428872  111.208608325   22.965232728   -9.714758865
   -2.816600310   -1.157428872  113.269797295   15.045589035   -8.984053455
   -2.708269529   -1.157428872  114.491261804    7.544916005   -8.133017977
   -2.599938748   -1.157428872  114.957656002    1.129612080   -7.202959515
   -2.491607967   -1.157428872  114.810739486   -3.817320681   -6.194774662
   -2.383277185   -1.157428872  114.221695843   -7.050808325   -5.129741797
   -2.274946404   -1.157428872  113.372586636   -8.590042985   -4.017825378
   -2.166615623   -1.157428872  112.443559132   -8.554682429   -2.852183848
   -2.058284842   -1.157428872  111.591526538   -7.305468327   -1.650079593
   -1.949954061   -1.157428872  110.918141458   -5.283854768   -0.425192471
   -1.841623280   -1.157428872  110.467762653   -3.022088547    0.800597796
   -1.733292499   -1.157428872  110.254165779   -1.010822983    1.993301658
   -1.624961717   -1.157428872  110.217258270    0.379220179    3.105079730
   -1.516630936   -1.157428872  110.289209403    0.855259061    4.094441970
   -1.408300155   -1.157428872  110.366597109    0.307878391    4.925782804
   -1.299969374   -1.157428872  110.322355515   -1.191669624    5.586599668
   -1.191638593   -1.157428872  110.058468091   -3.676092619    6.069920818
   -1.083307812   -1.157428872  109.487758163   -6.691307989    6.408800876
   -0.974977030   -1.157428872  108.606787550   -9.804367684    6.639590621
   -0.866646249   -1.157428872  107.387620279  -12.766264473    6.819762456
   -0.758315468   -1.157428872  105.879040932  -15.089108809    6.998924864
   -0.649984687   -1.157428872  104.174483349  -16.290900219    7.209846297
   -0.541653906   -1.157428872  102.400796147  -15.965898182    7.491442112
   -0.433323125   -1.157428872  100.778553451  -13.726899760    7.838794467
   -0.324992343   -1.157428872   99.499020375   -9.390622584    8.236493697
   -0.216661562   -1.157428872   98.804910658   -2.927857815    8.646379232
   -0.108330781   -1.157428872   98.931772419    5.454918332    9.013255075
    0.000000000   -1.157428872  100.032545789   15.197723943    9.287229179
    0.108330781   -1.157428872  102.218041132   25.469691959    9.405339757
    0.216661562   -1.157428872  105.496379553   35.214715529    9.323373212
    0.324992343   -1.157428872  109.740428957   43.247965273    9.021325739
    0.433323125   -1.157428872  114.711054655   48.364016154    8.485359270
    0.541653906   -1.157428872  120.031240120   49.584851963    7.733584001
    0.649984687   -1.157428872  125.238096443   46.140067962    6.792481749
    0.758315468   -1.157428872  129.820552040   38.071505297    5.707917635
    0.866646249   -1.157428872  133.288677431   25.533510323    4.537579594
    0.974977030   -1.157428872  135.214920798    9.709136311    3.331338763
    1.083307812   -1.157428872  135.310352377   -8.056329716    2.144293764
    1.191638593   -1.157428872  133.458913001  -26.095102290    1.009351403
    1.299969374   -1.157428872  129.716211582  -42.673999799   -0.028252505
    1.408300155   -1.157428872  124.325174744  -56.156924295   -0.967679182
    1.516630936   -1.157428872  117.698136512  -65.488078093   -1.818198482
    1.624961717   -1.157428872  110.342710873  -69.824521827   -2.594390546
    1.733292499   -1.157428872  102.783367959  -69.013838877   -3.322180088
    1.841623280   -1.157428872   95.602645276  -63.238806590   -4.041163531
    1.949954061   -1.157428872   89.274913423  -53.332587463   -4.769495579
    2.058284842   -1.157428872   84.195879865  -40.185828314   -5.530851125
    2.166615623   -1.157428872   80.661130686  -25.075704097   -6.332867385
    2.274946404   -1.157428872   78.812617055   -9.265611863   -7.165587693
    2.383277185   -1.157428872   78.650370765    6.011709403   -8.009187755
    2.491607967   -1.157428872   80.049942146   19.515893761   -8.813800911
    2.599938748   -1.157428872   82.790156553   30.481371751   -9.541311979
    2.708269529   -1.157428872   86.556530230   38.302324802  -10.154813857
    2.816600310   -1.157428872   90.968074251   42.760632152  -10.596688905
    2.924931091   -1.157428872   95.664789121   43.889007095  -10.842331708
    3.033261872   -1.157428872  100.321093299   41.772843378  -10.865174937

   -3.141592654   -0.826734909  105.501485538   36.056732998   -9.610693520
   -3.033261872   -0.826734909  109.062465526   29.196087909   -9.104297254
   -2.924931091   -0.826734909  111.819449220   21.503364348   -8.418678931
   -2.816600310   -0.826734909  113.737565736   13.829468919   -7.587546302
   -2.708269529   -0.826734909  114.847200219    6.796224979   -6.641734324
   -2.599938748   -0.826734909  115.263993057    1.031099487   -5.605785510
   -2.491607967   -0.826734909  115.167544857   -2.985385558   -4.503617330
   -2.383277185   -0.826734909  114.715401088   -5.223074293   -3.340961296
   -2.274946404   -0.826734909  114.124204317   -5.644765757   -2.120336164
   -2.166615623   -0.826734909  113.571386323   -4.550389464   -0.840719004
   -2.058284842   -0.826734909  113.211813921   -2.280728579    0.492771928
   -1.949954061   -0.826734909  113.132974760    0.640685797    1.873487558
   -1.841623280   -0.826734909  113.363982855    3.658228925    3.279222070
   -1.733292499   -0.826734909  113.899958941    6.194257149    4.680347447
   -1.624961717   -0.826734909  114.661985527    7.826792034    6.028571536
   -1.516630936   -0.826734909  115.542767159    8.239348954    7.284900787
   -1.408300155   -0.826734909  116.398331877    7.259637103    8.398443563
   -1.299969374   -0.826734909  117.061431521    4.908462727    9.337222955
   -1.191638593   -0.826734909  117.394759913    1.253890501   10.086601256
   -1.083307812   -0.826734909  117.281922666   -3.303136414   10.640646334
   -0.974977030   -0.826734909  116.658318249   -8.228084737   11.025299782
   -0.866646249   -0.826734909  115.521134709  -12.941464464   11.246111220
   -0.758315468   -0.826734909  113.895172499  -17.103060530   11.342791213
   -0.649984687   -0.826734909  111.879344133  -19.895700894   11.338499536
   -0.541653906   -0.826734909  109.650560138  -20.740651991   11.241748544
   -0.433323125   -0.826734909  107.469639261  -19.245183509   11.061075621
   -0.324992343   -0.826734909  105.572658615  -15.194695399   10.786511088
   -0.216661562   -0.826734909  104.256459391   -8.613280024   10.398246066
   -0.108330781   -0.826734909  103.783168801    0.167927094    9.868925372
    0.000000000   -0.826734909  104.348350558   10.564491385    9.174846329
    0.108330781   -0.826734909  106.072264932   21.489845678    8.299859150
    0.216661562   -0.826734909  108.951806683   31.860417819    7.231436053
    0.324992343   -0.826734909  112.863460355   40.293035218    5.980983825
    0.433323125   -0.826734909  117.526686688   45.666434628    4.560615198
    0.541653906   -0.826734909  122.568033123   46.976856913    3.012416384
    0.649984687   -0.826734909  127.489432750   43.532473273    1.393367006
    0.758315468   -0.826734909  131.780633105   35.343110228   -0.232749338
    0.866646249   -0.826734909  134.948026727   22.733492206   -1.784600738
    0.974977030   -0.826734909  136.565936825    6.847958082   -3.215149291
    1.083307812   -0.826734909  136.355235703  -10.811890921   -4.457021803
    1.191638593   -0.826734909  134.210841485  -28.716276878   -5.477232794
    1.299969374   -0.826734909  130.208033966  -44.961340590   -6.260274201
    1.408300155   -0.826734909  124.590912620  -58.039727874   -6.811922791
    1.516630936   -0.826734909  117.782976417  -66.891475628   -7.169901209
    1.624961717   -0.826734909  110.303081180  -70.709401942   -7.373740731
    1.733292499   -0.826734909  102.677215860  -69.368027052   -7.496304617
    1.841623280   -0.826734909   95.484367640  -63.080524761   -7.583013755
    1.949954061   -0.826734909   89.203174125  -52.689577391   -7.692960725
    2.058284842   -0.826734909   84.217827354  -39.127323943   -7.866558781
    2.166615623   -0.826734909   80.818176486  -23.686528624   -8.110872433
    2.274946404   -0.826734909   79.118169894   -7.709348515   -8.424434531
    2.383277185   -0.826734909   79.140928837    7.642135913   -8.799742212
    2.491607967   -0.826734909   80.711604030   21.073865584   -9.192979069
    2.599938748   -0.826734909   83.609811107   31.797822006   -9.565370439
    2.708269529   -0.826734909   87.491720483   39.252100787   -9.869184584
    2.816600310   -0.826734909   91.977432873   43.194385789  -10.055226018
    2.924931091   -0.826734909   96.695879914   43.780294416  -10.089142623
    3.033261872   -0.826734909  101.317055937   41.154039109   -9.943796489

   -3.141592654   -0.496040945  104.252245807   39.908031584   -6.186050131
   -3.033261872   -0.496040945  108.296577569   34.236741494   -5.511631072
   -2.924931091   -0.496040945  111.656576943   27.611292167   -4.727106045
   -2.816600310   -0.496040945  114.279852504   20.750608750   -3.855141653
   -2.708269529   -0.496040945  116.178783247   14.307161139   -2.924016946
   -2.599938748   -0.496040945  117.423883460    8.879247580   -1.951768412
   -2.491607967   -0.496040945  118.185259508    4.992310786   -0.946287149
   -2.383277185   -0.496040945  118.593217081    2.602766679    0.090301643
   -2.274946404   -0.496040945  118.836940049    1.861096312    1.192526431
   -2.166615623   -0.496040945  119.069433274    2.425410183    2.364780285
   -2.058284842   -0.496040945  119.427217870    4.010847550    3.628006786
   -1.949954061   -0.496040945  119.976614584    6.012283297    4.985873966
   -1.841623280   -0.496040945  120.736466134    7.926122129    6.422961083
   -1.733292499   -0.496040945  121.657443692    9.123888653    7.904256729
   -1.624961717   -0.496040945  122.657730351    9.231600270    9.373277079
   -1.516630936   -0.496040945  123.592441995    7.906215654   10.764927439
   -1.408300155   -0.496040945  124.311568775    5.130824937   12.011431054
   -1.299969374   -0.496040945  124.656146904    0.999445154   13.039310628
   -1.191638593   -0.496040945  124.470214624   -4.246518382   13.824226012
   -1.083307812   -0.496040945  123.689888664  -10.111581020   14.324977243
   -0.974977030   -0.496040945  122.275903591  -15.923170852   14.540901257
   -0.866646249   -0.496040945  120.271661803  -21.040548838   14.481276580
   -0.758315468   -0.496040945  117.767244318  -25.143639542   14.181246507
   -0.649984687   -0.496040945  114.912862122  -27.343984479   13.664661768
   -0.541653906   -0.496040945  111.921949569  -27.300720196   12.944964858
   -0.433323125   -0.496040945  109.084197031  -24.795547779   12.075726867
   -0.324992343   -0.496040945  106.648801443  -19.689252042   11.044766507
   -0.216661562   -0.496040945  104.897943989  -12.179764572    9.867625307
   -0.108330781   -0.496040945  104.069191010   -2.731506766    8.536870551
    0.000000000   -0.496040945  104.337089361    7.912526632    7.051408131
    0.108330781   -0.496040945  105.773073919   18.775083227    5.415797498
    0.216661562   -0.496040945  108.335233441   28.767047570    3.643700963
    0.324992343   -0.496040945  111.883200365   36.640612191    1.751237450
    0.433323125   -0.496040945  116.117252768   41.465420150   -0.216629366
    0.541653906   -0.496040945  120.678245768   42.326316730   -2.215159047
    0.649984687   -0.496040945  125.086601382   38.761662233   -4.168299297
    0.758315468   -0.496040945  128.869460795   30.799909607   -5.988903512
    0.866646249   -0.496040945  131.571860153   18.879958414   -7.594504157
    0.974977030   -0.496040945  132.825701813    3.994002135   -8.921280325
    1.083307812   -0.496040945  132.375971752  -12.362026661   -9.924581430
    1.191638593   -0.496040945  130.136862619  -28.850329210  -10.565291284
    1.299969374   -0.496040945  126.198090667  -43.709012617  -10.863406745
    1.408300155   -0.496040945  120.783911403  -55.642905596  -10.844247874
    1.516630936   -0.496040945  114.281879070  -63.675039789  -10.575715034
    1.624961717   -0.496040945  107.174000436  -67.107257593  -10.137992531
    1.733292499   -0.496040945   99.942767149  -65.808562095   -9.610725295
    1.841623280   -0.496040945   93.122905307  -59.897537772   -9.066980623
    1.949954061   -0.496040945   87.153339294  -50.205117137   -8.580201483
    2.058284842   -0.496040945   82.388438228  -37.512000579   -8.181882305
    2.166615623   -0.496040945   79.114051659  -22.979311730   -7.897014392
    2.274946404   -0.496040945   77.459228693   -7.716786313   -7.724377909
    2.383277185   -0.496040945   77.430697334    6.982965003   -7.637917346
    2.491607967   -0.496040945   78.925544588   20.200333753   -7.612907427
    2.599938748   -0.496040945   81.730023263   31.016647439   -7.590829199
    2.708269529   -0.496040945   85.551118434   38.928849762   -7.527124426
    2.816600310   -0.496040945   90.040770293   43.663113995   -7.382990732
    2.924931091   -0.496040945   94.869451533   45.248673863   -7.121853501
    3.033261872   -0.496040945   99.715165305   43.785547569   -6.726015242

   -3.141592654   -0.165346982   98.899135498   45.369091088    1.651528456
   -3.033261872   -0.165346982  103.590828259   40.768514660    2.418241234
   -2.924931091   -0.165346982  107.699537327   34.844205317    3.189011282
   -2.816600310   -0.165346982  111.121117304   28.176743459    3.937834624
   -2.708269529   -0.165346982  113.818873637   21.488618900    4.651011104
   -2.599938748   -0.165346982  115.813934665   15.476574226    5.331421214
   -2.491607967   -0.165346982  117.239654901   10.734277319    5.992548940
   -2.383277185   -0.165346982  118.225749705    7.515513051    6.658765781
   -2.274946404   -0.165346982  118.955894697    5.955360881    7.365446241
   -2.166615623   -0.165346982  119.597696145    5.886459567    8.147317226
   -2.058284842   -0.165346982  120.304734912    6.982052026    9.036484246
   -1.949954061   -0.165346982  121.154810857    8.638081985   10.041670159
   -1.841623280   -0.165346982  122.179751373   10.259210049   11.158088304
   -1.733292499   -0.165346982  123.338602630   11.112332592   12.347813116
   -1.624961717   -0.165346982  124.528218122   10.815396252   13.545214400
   -1.516630936   -0.165346982  125.613858606    8.981936646   14.688060758
   -1.408300155   -0.165346982  126.415774880    5.584773966   15.676645209
   -1.299969374   -0.165346982  126.768947599    0.807854066   16.435789931
   -1.191638593   -0.165346982  126.537635822   -5.015242195   16.891772428
   -1.083307812   -0.165346982  125.646003796  -11.320242504   17.026490699
   -0.974977030   -0.165346982  124.078823178  -17.436814627   16.789193768
   -0.866646249   -0.165346982  121.912379174  -22.639132045   16.210429776
   -0.758315468   -0.165346982  119.237223303  -26.607131403   15.322350673
   -0.649984687   -0.165346982  116.237179655  -28.597132095   14.156554927
   -0.541653906   -0.165346982  113.130638554  -28.298695857   12.774775298
   -0.433323125   -0.165346982  110.195112766  -25.448431094   11.213228172
   -0.324992343   -0.165346982  107.699804294  -20.202225675    9.517403282
   -0.216661562   -0.165346982  105.895792377  -12.676891687    7.711563171
   -0.108330781   -0.165346982  105.003771059   -3.383777780    5.808905370
    0.000000000   -0.165346982  105.187745039    6.925147334    3.828600820
    0.108330781   -0.165346982  106.493233223   17.372840629    1.773901156
    0.216661562   -0.165346982  108.882111405   26.759908788   -0.323179839
    0.324992343   -0.165346982  112.177989775   34.048472295   -2.451928377
    0.433323125   -0.165346982  116.094322982   38.221698349   -4.550300690
    0.541653906   -0.165346982  120.268357530   38.468853108   -6.567001371
    0.649984687   -0.165346982  124.235215434   34.405123120   -8.420057018
    0.758315468   -0.165346982  127.527222107   26.127132068  -10.035154613
    0.866646249   -0.165346982  129.720027835   14.163209673  -11.336060049
    0.974977030   -0.165346982  130.468184632   -0.538615354  -12.257213943
    1.083307812   -0.165346982  129.543055898  -16.477319174  -12.765067246
    1.191638593   -0.165346982  126.895034005  -32.343865602  -12.859004099
    1.299969374   -0.165346982  122.612827924  -46.517482058  -12.556602797
    1.408300155   -0.165346982  116.935870768  -57.742492675  -11.928791262
    1.516630936   -0.165346982  110.244112537  -65.155569367  -11.042225918
    1.624961717   -0.165346982  102.991840675  -68.242618359   -9.981235272
    1.733292499   -0.165346982   95.645180982  -66.873592070   -8.831044447
    1.841623280   -0.165346982   88.700014304  -61.141245613   -7.677168580
    1.949954061   -0.165346982   82.573162863  -51.854521281   -6.570433442
    2.058284842   -0.165346982   77.603334494  -39.699517496   -5.550327381
    2.166615623   -0.165346982   74.071079321  -25.614745471   -4.639858146
    2.274946404   -0.165346982   72.103037677  -10.691894529   -3.821084731
    2.383277185   -0.165346982   71.748311823    4.006865221   -3.087213680
    2.491607967   -0.165346982   72.930309978   17.561048314   -2.424699429
    2.599938748   -0.165346982   75.485949292   29.159119320   -1.787850704
    2.708269529   -0.165346982   79.160904413   38.221220830   -1.156338918
    2.816600310   -0.165346982   83.651925356   44.393931401   -0.506449429
    2.924931091   -0.165346982   88.653711811   47.606778574    0.183268229
    3.033261872   -0.165346982   93.834158240   47.792491275    0.897806325

   -3.141592654    0.165346982   99.606856744   49.891998265    8.579918527
   -3.033261872    0.165346982  104.765423527   44.804408837    9.359442640
   -2.924931091    0.165346982  109.280907760   38.273402037   10.049492087
   -2.816600310    0.165346982  113.045839244   31.001530811   10.640277189
   -2.708269529    0.165346982  116.010750471   23.748469145   11.150439943
   -2.599938748    0.165346982  118.229795798   17.294348983   11.607206843
   -2.491607967    0.165346982  119.834179462   12.298459179   12.043914973
   -2.383277185    0.165346982  120.993484303    9.102633600   12.503174688
   -2.274946404    0.165346982  121.898943970    7.750003609   13.017235552
   -2.166615623    0.165346982  122.750859388    8.042156656   13.623021884
   -2.058284842    0.165346982  123.715105343    9.542605585   14.329064336
   -1.949954061    0.165346982  124.863101965   11.530285232   15.117282206
   -1.841623280    0.165346982  126.209351345   13.231999430   15.955901235
   -1.733292499    0.165346982  127.679194392   13.856945166   16.776711915
   -1.624961717    0.165346982  129.142314818   12.931628562   17.510570667
   -1.516630936    0.165346982  130.405419136   10.140948843   18.068760851
   -1.408300155    0.165346982  131.267591837    5.450072523   18.374420856
   -1.299969374    0.165346982  131.523319615   -0.751610211   18.367126991
   -1.191638593    0.165346982  131.048896969   -7.994289539   18.009111460
   -1.083307812    0.165346982  129.761974332  -15.485260188   17.300998678
   -0.974977030    0.165346982  127.696725919  -22.503406249   16.255356024
   -0.866646249    0.165346982  124.943129088  -28.233710915   14.911058957
   -0.758315468    0.165346982  121.646463831  -32.337490744   13.330819621
   -0.649984687    0.165346982  118.033695275  -34.168999075   11.579188693
   -0.541653906    0.165346982  114.339419103  -33.578912209    9.721444612
   -0.433323125    0.165346982  110.847632355  -30.430170574    7.773757821
   -0.324992343    0.165346982  107.828763227  -24.918158277    5.791568093
   -0.216661562    0.165346982  105.522087575  -17.349143280    3.777077806
   -0.108330781    0.165346982  104.118364853   -8.269450625    1.750526190
    0.000000000    0.165346982  103.747994941    1.628286795   -0.292631519
    0.108330781    0.165346982  104.451078757   11.495184647   -2.325443180
    0.216661562    0.165346982  106.168273118   20.248275514   -4.336212695
    0.324992343    0.165346982  108.728605572   26.978667167   -6.296914013
    0.433323125    0.165346982  111.861790026   30.841374639   -8.155436467
    0.541653906    0.165346982  115.231860693   31.132555644   -9.839524526
    0.649984687    0.165346982  118.424579442   27.477440435  -11.293491451
    0.758315468    0.165346982  121.006987565   20.093881029  -12.449357751
    0.866646249    0.165346982  122.611272770    9.349970920  -13.244104154
    0.974977030    0.165346982  122.919146642   -3.809247633  -13.640064520
    1.083307812    0.165346982  121.731914514  -18.125653114  -13.619092560
    1.191638593    0.165346982  118.988338757  -32.385212228  -13.206535350
    1.299969374    0.165346982  114.779450380  -45.121434433  -12.441808688
    1.408300155    0.165346982  109.323707230  -55.127401776  -11.387793353
    1.516630936    0.165346982  102.970064237  -61.676852388  -10.121875208
    1.624961717    0.165346982   96.135849544  -64.083746996   -8.714981479
    1.733292499    0.165346982   89.260958719  -62.322608255   -7.233876729
    1.841623280    0.165346982   82.823082317  -56.395561121   -5.743144790
    1.949954061    0.165346982   77.219968745  -46.961004409   -4.271193045
    2.058284842    0.165346982   72.780011608  -34.795855325   -2.851617124
    2.166615623    0.165346982   69.781823970  -20.638966265   -1.482799287
    2.274946404    0.165346982   68.362335452   -5.669586383   -0.170911772
    2.383277185    0.165346982   68.549301138    9.140085995    1.095393548
    2.491607967    0.165346982   70.290674708   22.738674406    2.313406259
    2.599938748    0.165346982   73.412375932   34.420551158    3.490367458
    2.708269529    0.165346982   77.667442383   43.520194105    4.625626014
    2.816600310    0.165346982   82.722470342   49.699184060    5.709777003
    2.924931091    0.165346982   88.306410837   52.758121418    6.743661302
    3.033261872    0.165346982   94.029592561   52.692381630    7.697879186

   -3.141592654    0.496040945  101.433880679   49.723085678   12.579650459
   -3.033261872    0.496040945  106.552102465   44.240071276   13.489846316
   -2.924931091    0.496040945  110.979023821   37.329553181   14.246961922
   -2.816600310    0.496040945  114.630222040   29.966610514   14.851744946
   -2.708269529    0.496040945  117.489446602   22.836310142   15.320098862
   -2.599938748    0.496040945  119.628473826   16.774162576   15.671167991
   -2.491607967    0.496040945  121.204823497   12.348052491   15.918651977
   -2.383277185    0.496040945  122.404252472    9.865528076   16.105608959
   -2.274946404    0.496040945  123.435169525    9.314685765   16.258844521
   -2.166615623    0.496040945  124.507390919   10.437518910   16.411215125
   -2.058284842    0.496040945  125.761148616   12.589364709   16.564098650
   -1.949954061    0.496040945  127.268646599   15.045527496   16.713439186
   -1.841623280    0.496040945  129.005288074   16.904244227   16.835618657
   -1.733292499    0.496040945  130.873885117   17.413365658   16.885298296
   -1.624961717    0.496040945  132.697246400   16.013054690   16.821878621
   -1.516630936    0.496040945  134.250970869   12.468899848   16.585745739
   -1.408300155    0.496040945  135.316868188    6.786537529   16.146073337
   -1.299969374    0.496040945  135.661463013   -0.526503134   15.464876315
   -1.191638593    0.496040945  135.152538052   -8.833270684   14.529452813
   -1.083307812    0.496040945  133.720048845  -17.318311974   13.356299740
   -0.974977030    0.496040945  131.401463876  -25.188682519   11.975292242
   -0.866646249    0.496040945  128.315480749  -31.532822873   10.410129217
   -0.758315468    0.496040945  124.644439036  -36.016092072    8.733309014
   -0.649984687    0.496040945  120.630024937  -38.053902322    6.976994731
   -0.541653906    0.496040945  116.515110964  -37.489072359    5.178898685
   -0.433323125    0.496040945  112.598884915  -34.299556632    3.358065253
   -0.324992343    0.496040945  109.156607196  -28.751140821    1.542576447
   -0.216661562    0.496040945  106.425035932  -21.270823049   -0.255183588
   -0.108330781    0.496040945  104.588138904  -12.425795300   -2.033308049
    0.000000000    0.496040945  103.751513229   -2.875776599   -3.786382412
    0.108330781    0.496040945  103.944785021    6.459904632   -5.490966372
    0.216661562    0.496040945  105.083145836   14.654554943   -7.142225104
    0.324992343    0.496040945  107.007099909   20.776048614   -8.702322641
    0.433323125    0.496040945  109.441085615   24.169538307  -10.140218812
    0.541653906    0.496040945  112.071144323   24.229859261  -11.403303949
    0.649984687    0.496040945  114.518645577   20.744895131  -12.443169789
    0.758315468    0.496040945  116.403698994   13.950782854  -13.209660982
    0.866646249    0.496040945  117.396911573    4.240451553  -13.659782409
    0.974977030    0.496040945  117.223566016   -7.494312723  -13.771178391
    1.083307812    0.496040945  115.727690294  -20.089056473  -13.518036623
    1.191638593    0.496040945  112.876919074  -32.476640509  -12.926824743
    1.299969374    0.496040945  108.751827760  -43.362007028  -12.021058245
    1.408300155    0.496040945  103.581666297  -51.747148412  -10.852481958
    1.516630936    0.496040945   97.673444349  -56.906720259   -9.483124216
    1.624961717    0.496040945   91.405883636  -58.294720741   -7.961137220
    1.733292499    0.496040945   85.199734364  -55.868052874   -6.343722154
    1.841623280    0.496040945   79.474181323  -49.666663924   -4.685222382
    1.949954061    0.496040945   74.601380878  -40.191600903   -3.009888814
    2.058284842    0.496040945   70.885621133  -28.242368973   -1.358913975
    2.166615623    0.496040945   68.576372153  -14.485620196    0.268169606
    2.274946404    0.496040945   67.795754938   -0.022878523    1.858683022
    2.383277185    0.496040945   68.557009097   14.112434984    3.405518682
    2.491607967    0.496040945   70.802039728   27.047979552    4.908701886
    2.599938748    0.496040945   74.349757601   37.979247140    6.365051164
    2.708269529    0.496040945   78.949709850   46.287115671    7.772004260
    2.816600310    0.496040945   84.262159807   51.688994534    9.119525792
    2.924931091    0.496040945   90.012349374   53.993402703   10.373766321
    3.033261872    0.496040945   95.839134825   53.151744310   11.533781752

   -3.141592654    0.826734909  104.252674854   51.225781411   11.122207336
   -3.033261872    0.826734909  109.526601069   45.515725681   11.749649137
   -2.924931091    0.826734909  114.081703491   38.439038990   12.226458947
   -2.816600310    0.826734909  117.846497095   30.913265584   12.559147968
   -2.708269529    0.826734909  120.806886254   23.727628860   12.762499511
   -2.599938748    0.826734909  123.036567357   17.552755582   12.864295613
   -2.491607967    0.826734909  124.692333135   13.077487070   12.872237757
   -2.383277185    0.826734909  125.975855980   10.593231867   12.812977331
   -2.274946404    0.826734909  127.084797726   10.015070299   12.714585507
   -2.166615623    0.826734909  128.231643944   11.099670896   12.590987822
   -2.058284842    0.826734909  129.548474698   13.140831152   12.444544710
   -1.949954061    0.826734909  131.109180498   15.392942991   12.270367983
   -1.841623280    0.826734909  132.863047094   16.906808509   12.051255894
   -1.733292499    0.826734909  134.715755333   17.002538487   11.761701289
   -1.624961717    0.826734909  136.468375611   15.079838109   11.371574888
   -1.516630936    0.826734909  137.894416141   10.973621769   10.856680722
   -1.408300155    0.826734909  138.765822585    4.810542828   10.195600694
   -1.299969374    0.826734909  138.870352462   -2.941252450    9.376004816
   -1.191638593    0.826734909  138.080311106  -11.540965971    8.400962785
   -1.083307812    0.826734909  136.350043056  -20.261862435    7.276259885
   -0.974977030    0.826734909  133.707758687  -28.183714815    6.029447946
   -0.866646249    0.826734909  130.303311843  -34.516999183    4.675802756
   -0.758315468    0.826734909  126.316528133  -38.903638013    3.256024551
   -0.649984687    0.826734909  121.984671074  -40.900260227    1.800129509
   -0.541653906    0.826734909  117.559189228  -40.391819144    0.326428456
   -0.433323125    0.826734909  113.327652402  -37.407773564   -1.148655143
   -0.324992343    0.826734909  109.525791827  -32.087204042   -2.625302817
   -0.216661562    0.826734909  106.416122386  -25.048629840   -4.066490398
   -0.108330781    0.826734909  104.144767375  -16.694120431   -5.483591802
    0.000000000    0.826734909  102.816482747   -7.698894793   -6.861760602
    0.108330781    0.826734909  102.452460037    1.062910647   -8.187635668
    0.216661562    0.826734909  102.981511925    8.787743555   -9.452805375
    0.324992343    0.826734909  104.253552038   14.638018540  -10.625186990
    0.433323125    0.826734909  106.027865905   18.061121303  -11.687610173
    0.541653906    0.826734909  108.007683189   18.513439945  -12.602568319
    0.649984687    0.826734909  109.873576937   15.741817452  -13.330946732
    0.758315468    0.826734909  111.270661674    9.993737593  -13.835400955
    0.866646249    0.826734909  111.911952384    1.674126392  -14.083283755
    0.974977030    0.826734909  111.544507015   -8.498238989  -14.049810443
    1.083307812    0.826734909  110.020465829  -19.525223612  -13.719174262
    1.191638593    0.826734909  107.318056507  -30.393053804  -13.096233178
    1.299969374    0.826734909  103.490164702  -39.903431625  -12.192735293
    1.408300155    0.826734909   98.751873628  -47.210541438  -11.053297059
    1.516630936    0.826734909   93.387768070  -51.538915041   -9.716243362
    1.624961717    0.826734909   87.726296474  -52.396313428   -8.228477404
    1.733292499    0.826734909   82.188167846  -49.636631662   -6.625529997
    1.841623280    0.826734909   77.135613775  -43.413491743   -4.970464884
    1.949954061    0.826734909   72.926798859  -34.097834019   -3.292398379
    2.058284842    0.826734909   69.864918304  -22.406999509   -1.625013052
    2.166615623    0.826734909   68.160174717   -9.028562499    0.016680676
    2.274946404    0.826734909   67.946078576    4.966583234    1.606296930
    2.383277185    0.826734909   69.225245247   18.624362871    3.133030356
    2.491607967    0.826734909   71.926251697   31.023391325    4.583968578
    2.599938748    0.826734909   75.877411790   41.405886939    5.948844643
    2.708269529    0.826734909   80.825967590   49.274622909    7.221428229
    2.816600310    0.826734909   86.440881604   54.223131532    8.398396231
    2.924931091    0.826734909   92.443985089   56.097468495    9.441033273
    3.033261872    0.826734909   98.477775013   54.997101002   10.357119799

   -3.141592654    1.157428872  106.772347956   51.074362398    9.237930688
   -3.033261872    1.157428872  111.997224247   44.827571546    9.536460214
   -2.924931091    1.157428872  116.453180274   37.316954585    9.690194050
   -2.816600310    1.157428872  120.070893503   29.411357559    9.712516876
   -2.708269529    1.157428872  122.863394415   22.002034882    9.609102457
   -2.599938748    1.157428872  124.896407783   15.697128273    9.418182813
   -2.491607967    1.157428872  126.342858174   11.102261881    9.147680382
   -2.383277185    1.157428872  127.405681833    8.508761643    8.814389424
   -2.274946404    1.157428872  128.290704608    7.909130944    8.435313677
   -2.166615623    1.157428872  129.207115348    8.954697712    8.017576738
   -2.058284842    1.157428872  130.285766254   10.964802780    7.570065780
   -1.949954061    1.157428872  131.616367345   13.297172120    7.081770140
   -1.841623280    1.157428872  133.155154531   14.963733486    6.544797819
   -1.733292499    1.157428872  134.810360173   15.354194595    5.955569171
   -1.624961717    1.157428872  136.403147808   13.790971048    5.297517066
   -1.516630936    1.157428872  137.714479531   10.148708562    4.568637710
   -1.408300155    1.157428872  138.512256805    4.476869213    3.765302284
   -1.299969374    1.157428872  138.611515062   -2.866788998    2.890241856
   -1.191638593    1.157428872  137.845356740  -11.159651198    1.956042319
   -1.083307812    1.157428872  136.165948939  -19.650678471    0.962737776
   -0.974977030    1.157428872  133.591970176  -27.633814719   -0.071579479
   -0.866646249    1.157428872  130.232189884  -34.189173055   -1.140300474
   -0.758315468    1.157428872  126.270448102  -38.916796117   -2.233180474
   -0.649984687    1.157428872  121.895592376  -41.527246287   -3.330730183
   -0.541653906    1.157428872  117.372095344  -41.768125744   -4.439904874
   -0.433323125    1.157428872  112.940265797  -39.687461881   -5.540616251
   -0.324992343    1.157428872  108.849844059  -35.366966185   -6.636074068
   -0.216661562    1.157428872  105.324624713  -29.285059370   -7.713201607
   -0.108330781    1.157428872  102.546058840  -21.854445368   -8.760075928
    0.000000000    1.157428872  100.617628455  -13.644541192   -9.768582028
    0.108330781    1.157428872   99.578760397   -5.326478691  -10.728643324
    0.216661562    1.157428872   99.407188077    2.253367974  -11.618819457
    0.324992343    1.157428872   99.977558974    8.363223718  -12.421101491
    0.433323125    1.157428872  101.106132052   12.455366316  -13.107872451
    0.541653906    1.157428872  102.533840799   13.956794463  -13.658836634
    0.649984687    1.157428872  103.981891314   12.556361642  -14.041598742
    0.758315468    1.157428872  105.120834957    8.350216541  -14.227138763
    0.866646249    1.157428872  105.662992692    1.627548487  -14.196816499
    0.974977030    1.157428872  105.382241909   -6.973721685  -13.925685242
    1.083307812    1.157428872  104.100105240  -16.595929248  -13.411311933
    1.191638593    1.157428872  101.779317345  -26.301284905  -12.657360887
    1.299969374    1.157428872   98.442294709  -34.931471865  -11.674246545
    1.408300155    1.157428872   94.275348666  -41.647281100  -10.502997193
    1.516630936    1.157428872   89.536594015  -45.609742229   -9.167227411
    1.624961717    1.157428872   84.534537574  -46.327848020   -7.721245748
    1.733292499    1.157428872   79.652582756  -43.555042156   -6.183508187
    1.841623280    1.157428872   75.253545953  -37.481025273   -4.603726868
    1.949954061    1.157428872   71.667790582  -28.419498281   -3.022296580
    2.058284842    1.157428872   69.205948638  -17.011743896   -1.452586425
    2.166615623    1.157428872   68.063774171   -3.980742191    0.077662199
    2.274946404    1.157428872   68.374694175    9.588520484    1.541533524
    2.383277185    1.157428872   70.136350601   22.813078280    2.932011458
    2.491607967    1.157428872   73.267109594   34.703136599    4.225809911
    2.599938748    1.157428872   77.592420554   44.553830793    5.409577606
    2.708269529    1.157428872   82.830775575   51.841476885    6.470596484
    2.816600310    1.157428872   88.692616479   56.060473880    7.397395218
    2.924931091    1.157428872   94.856388464   57.245874860    8.171340504
    3.033261872    1.157428872  100.973205127   55.505720733    8.787382959

   -3.141592654    1.488122836  110.035812056   52.245243943    6.956915256
   -3.033261872    1.488122836  115.351113259   45.337006568    6.942084271
   -2.924931091    1.488122836  119.825945988   37.134180443    6.800577192
   -2.816600310    1.488122836  123.392104991   28.583141297    6.540543067
   -2.708269529    1.488122836  126.056082447   20.566742707    6.182586384
   -2.599938748    1.488122836  127.905235897   13.694662737    5.742261503
   -2.491607967    1.488122836  129.103926642    8.581698354    5.242767755
   -2.383277185    1.488122836  129.871302123    5.627239568    4.678184437
   -2.274946404    1.488122836  130.430408302    4.737400316    4.065564731
   -2.166615623    1.488122836  130.993923218    5.635387235    3.398848198
   -2.058284842    1.488122836  131.706130880    7.571186628    2.684203228
   -1.949954061    1.488122836  132.665858318    9.929360500    1.918119977
   -1.841623280    1.488122836  133.848635533   11.757136946    1.090466311
   -1.733292499    1.488122836  135.168005988   12.344163053    0.215069279
   -1.624961717    1.488122836  136.450720939   11.132880020   -0.701144022
   -1.516630936    1.488122836  137.493905226    7.898421284   -1.641161235
   -1.408300155    1.488122836  138.077997410    2.690702823   -2.580757182
   -1.299969374    1.488122836  138.009918483   -4.138903472   -3.507085086
   -1.191638593    1.488122836  137.137852235  -11.995495633   -4.399042811
   -1.083307812    1.488122836  135.387980354  -20.229059233   -5.245094828
   -0.974977030    1.488122836  132.754663996  -28.128565621   -6.047428273
   -0.866646249    1.488122836  129.329872284  -34.972546128   -6.796316048
   -0.758315468    1.488122836  125.248544968  -40.196177715   -7.508893086
   -0.649984687    1.488122836  120.698420649  -43.590562700   -8.163949825
   -0.541653906    1.488122836  115.896179056  -44.835083892   -8.793627801
   -0.433323125    1.488122836  111.072239662  -43.801667127   -9.383571099
   -0.324992343    1.488122836  106.481832334  -40.477747964   -9.945109343
   -0.216661562    1.488122836  102.365921509  -35.112132766  -10.478755894
   -0.108330781    1.488122836   98.931730712  -28.083696684  -10.982177421
    0.000000000    1.488122836   96.324393053  -19.839017092  -11.457687822
    0.108330781    1.488122836   94.638495081  -11.044157169  -11.906405326
    0.216661562    1.488122836   93.892638896   -2.616931323  -12.322086809
    0.324992343    1.488122836   93.999341036    4.712868601  -12.699330594
    0.433323125    1.488122836   94.800824567   10.164042411  -13.017037235
    0.541653906    1.488122836   96.060462319   13.050447849  -13.265482975
    0.649984687    1.488122836   97.482210471   13.052011242  -13.411448030
    0.758315468    1.488122836   98.743960211   10.055948236  -13.424082893
    0.866646249    1.488122836   99.530184947    4.393259941  -13.275881109
    0.974977030    1.488122836   99.597911037   -3.342830148  -12.936148894
    1.083307812    1.488122836   98.751549535  -12.318165606  -12.396139546
    1.191638593    1.488122836   96.912769961  -21.476070962  -11.642315077
    1.299969374    1.488122836   94.117465871  -29.807550149  -10.688934386
    1.408300155    1.488122836   90.518579290  -36.339589247   -9.568502155
    1.516630936    1.488122836   86.354366645  -40.222425738   -8.308004748
    1.624961717    1.488122836   81.950003284  -40.843495685   -6.940363691
    1.733292499    1.488122836   77.638844874  -38.246531396   -5.514173448
    1.841623280    1.488122836   73.809641572  -32.275966269   -4.053140917
    1.949954061    1.488122836   70.781648746  -23.383887868   -2.612517943
    2.058284842    1.488122836   68.858631261  -12.158276719   -1.195697953
    2.166615623    1.488122836   68.225932634    0.589843804    0.157776623
    2.274946404    1.488122836   69.016446504   13.948143496    1.428252009
    2.383277185    1.488122836   71.242522462   26.892495247    2.609081151
    2.491607967    1.488122836   74.803384443   38.506854603    3.674810156
    2.599938748    1.488122836   79.526852471   48.079884757    4.608035281
    2.708269529    1.488122836   85.122497505   55.021501214    5.405295804
    2.816600310    1.488122836   91.307762412   58.829754902    6.043095596
    2.924931091    1.488122836   97.743781640   59.544626967    6.513297041
    3.033261872    1.488122836  104.084123919   57.204389332    6.815661655

   -3.141592654    1.818816799  112.329027980   51.133026044    3.976474805
   -3.033261872    1.818816799  117.486360164   43.742624333    3.651030083
   -2.924931091    1.818816799  121.777718697   35.269843854    3.219489309
   -2.816600310    1.818816799  125.130661392   26.547038828    2.703995995
   -2.708269529    1.818816799  127.578394390   18.600485654    2.120310969
   -2.599938748    1.818816799  129.219380462   11.893871303    1.487250922
   -2.491607967    1.818816799  130.236499973    7.034533548    0.816591329
   -2.383277185    1.818816799  130.853412460    4.375102382    0.096269618
   -2.274946404    1.818816799  131.296913772    3.797211692   -0.672909632
   -2.166615623    1.818816799  131.775245003    4.976755407   -1.497214190
   -2.058284842    1.818816799  132.431802807    7.205943015   -2.385781115
   -1.949954061    1.818816799  133.362595732    9.761782407   -3.342073551
   -1.841623280    1.818816799  134.538939658   11.746806117   -4.368457671
   -1.733292499    1.818816799  135.865557172   12.462447540   -5.439017718
   -1.624961717    1.818816799  137.165194770   11.291850111   -6.532517873
   -1.516630936    1.818816799  138.226493605    8.023884923   -7.607075471
   -1.408300155    1.818816799  138.817038820    2.710630875   -8.628766454
   -1.299969374    1.818816799  138.736367874   -4.318950251   -9.553059371
   -1.191638593    1.818816799  137.827726938  -12.498445198  -10.364145746
   -1.083307812    1.818816799  135.997866696  -21.158632881  -11.035784786
   -0.974977030    1.818816799  133.241820509  -29.526860104  -11.567516009
   -0.866646249    1.818816799  129.629935872  -36.890211007  -11.959503774
   -0.758315468    1.818816799  125.321209136  -42.676658751  -12.225271658
   -0.649984687    1.818816799  120.481886851  -46.497014035  -12.371327224
   -0.541653906    1.818816799  115.337027438  -48.150491707  -12.418502612
   -0.433323125    1.818816799  110.141390661  -47.386177973  -12.382319306
   -0.324992343    1.818816799  105.145098214  -44.280062336  -12.275625826
   -0.216661562    1.818816799  100.616041827  -38.927881239  -12.126932999
   -0.108330781    1.818816799   96.774771598  -31.791380345  -11.933010750
    0.000000000    1.818816799   93.778577999  -23.306541316  -11.718715856
    0.108330781    1.818816799   91.728632777  -14.143776413  -11.490045465
    0.216661562    1.818816799   90.680261523   -5.245608138  -11.256655301
    0.324992343    1.818816799   90.532477066    2.666521071  -11.015593779
    0.433323125    1.818816799   91.145498364    8.719634421  -10.759197904
    0.541653906    1.818816799   92.281363741   12.252341932  -10.488770821
    0.649984687    1.818816799   93.649822626   12.895890478  -10.190962560
    0.758315468    1.818816799   94.922034023   10.562135710   -9.841420720
    0.866646249    1.818816799   95.796099976    5.487638502   -9.437711162
    0.974977030    1.818816799   96.010961024   -1.711692017   -8.962702465
    1.083307812    1.818816799   95.373754188  -10.213748715   -8.413215382
    1.191638593    1.818816799   93.783419712  -18.907356725   -7.771185744
    1.299969374    1.818816799   91.293840968  -26.832808773   -7.050281790
    1.408300155    1.818816799   88.032685749  -33.055991936   -6.255416891
    1.516630936    1.818816799   84.237668740  -36.689572631   -5.393853594
    1.624961717    1.818816799   80.234451791  -37.111127377   -4.479106966
    1.733292499    1.818816799   76.339646212  -34.304408606   -3.517816916
    1.841623280    1.818816799   72.929893536  -28.300168169   -2.531261156
    1.949954061    1.818816799   70.341494829  -19.312798579   -1.539085791
    2.058284842    1.818816799   68.853928734   -8.113400411   -0.555798999
    2.166615623    1.818816799   68.665352526    4.585003427    0.391445185
    2.274946404    1.818816799   69.878219322   17.741705594    1.285528641
    2.383277185    1.818816799   72.496148456   30.404491926    2.095498402
    2.491607967    1.818816799   76.417381355   41.567066756    2.801546536
    2.599938748    1.818816799   81.443480249   50.584759506    3.379524099
    2.708269529    1.818816799   87.271051176   56.821146868    3.821701066
    2.816600310    1.818816799   93.614919760   59.914581368    4.099580318
    2.924931091    1.818816799  100.123550733   59.837707299    4.216931136
    3.033261872    1.818816799  106.458870848   56.704425492    4.168713783

   -3.141592654    2.149510763  116.290161488   52.245180943    0.803810585
   -3.033261872    2.149510763  121.542431110   44.441600505    0.174553982
   -2.924931091    2.149510763  125.891759944   35.506347462   -0.521777324
   -2.816600310    2.149510763  129.237791701   26.191848534   -1.256805977
   -2.708269529    2.149510763  131.606695019   17.476768050   -2.019108431
   -2.599938748    2.149510763  133.088242614    9.941405180   -2.805390036
   -2.491607967    2.149510763  133.848837056    4.209037183   -3.609607334
   -2.383277185    2.149510763  134.096725021    0.572910013   -4.445090496
   -2.274946404    2.149510763  134.084918368   -0.882868746   -5.336462847
   -2.166615623    2.149510763  134.015418936   -0.472999635   -6.288523543
   -2.058284842    2.149510763  134.050942893    1.238791262   -7.315177931
   -1.949954061    2.149510763  134.313633094    3.502888271   -8.413048849
   -1.841623280    2.149510763  134.810669923    5.535713621   -9.563327712
   -1.733292499    2.149510763  135.476179567    6.546190051  -10.741612911
   -1.624961717    2.149510763  136.173679893    6.010989828  -11.891823057
   -1.516630936    2.149510763  136.703957277    3.576643295  -12.951646019
   -1.408300155    2.149510763  136.859788434   -0.847387306  -13.865332904
   -1.299969374    2.149510763  136.442868972   -7.034415732  -14.575797165
   -1.191638593    2.149510763  135.275694814  -14.527797192  -15.037903219
   -1.083307812    2.149510763  133.252939558  -22.757237396  -15.232104093
   -0.974977030    2.149510763  130.339895356  -30.892499572  -15.157238461
   -0.866646249    2.149510763  126.579432724  -38.322998289  -14.834412388
   -0.758315468    2.149510763  122.101564355  -44.222146352  -14.285054338
   -0.649984687    2.149510763  117.071971094  -48.353025051  -13.583277832
   -0.541653906    2.149510763  111.716352121  -50.150870667  -12.752457808
   -0.433323125    2.149510763  106.302837742  -49.339195494  -11.849550479
   -0.324992343    2.149510763  101.107971013  -45.998447963  -10.936611498
   -0.216661562    2.149510763   96.416812385  -40.190377852  -10.037145460
   -0.108330781    2.149510763   92.470760196  -32.388598978   -9.180860215
    0.000000000    2.149510763   89.452298761  -23.117305945   -8.374275787
    0.108330781    2.149510763   87.463669449  -13.174327947   -7.614721492
    0.216661562    2.149510763   86.560836859   -3.541710113   -6.896719525
    0.324992343    2.149510763   86.638063074    4.977652225   -6.199490753
    0.433323125    2.149510763   87.523673164   11.513634981   -5.500830950
    0.541653906    2.149510763   88.978109704   15.343880354   -4.804602157
    0.649984687    2.149510763   90.684794154   16.166894121   -4.103928481
    0.758315468    2.149510763   92.321678154   13.920484903   -3.411671897
    0.866646249    2.149510763   93.563634374    8.870784687   -2.743692118
    0.974977030    2.149510763   94.144659029    1.680197420   -2.121522593
    1.083307812    2.149510763   93.875430649   -6.804735096   -1.558944195
    1.191638593    2.149510763   92.651204162  -15.502054406   -1.067005428
    1.299969374    2.149510763   90.528732022  -23.484003035   -0.666856547
    1.408300155    2.149510763   87.628192513  -29.737911317   -0.333496366
    1.516630936    2.149510763   84.184645158  -33.464041647   -0.065206079
    1.624961717    2.149510763   80.531996679  -33.952662449    0.174437781
    1.733292499    2.149510763   76.983181302  -31.207866319    0.406025732
    1.841623280    2.149510763   73.894604844  -25.356935963    0.648194119
    1.949954061    2.149510763   71.625919074  -16.457500856    0.910999892
    2.058284842    2.149510763   70.446952942   -5.330584813    1.195620427
    2.166615623    2.149510763   70.557365091    7.271063646    1.484699154
    2.274946404    2.149510763   72.059183607   20.365732750    1.771223451
    2.383277185    2.149510763   74.960386994   32.956605657    2.011710641
    2.491607967    2.149510763   79.148214642   44.030166510    2.193517624
    2.599938748    2.149510763   84.426023120   52.911761495    2.279659232
    2.708269529    2.149510763   90.502167380   58.993472926    2.248924009
    2.816600310    2.149510763   97.069929478   61.867771996    2.080172495
    2.924931091    2.149510763  103.773573641   61.581085478    1.778701395
    3.033261872    2.149510763  110.283289545   58.166989474    1.345955492

   -3.141592654    2.480204727  123.487889799   49.949431136    0.040334266
   -3.033261872    2.480204727  128.411830408   40.762673903   -0.696179045
   -2.924931091    2.480204727  132.300142310   30.655216061   -1.518055034
   -2.816600310    2.480204727  135.072388317   20.462744155   -2.393497457
   -2.708269529    2.480204727  136.789297197   11.191485494   -3.326175885
   -2.599938748    2.480204727  137.572189947    3.417193361   -4.304072035
   -2.491607967    2.480204727  137.630338338   -2.274790148   -5.322550672
   -2.383277185    2.480204727  137.182998632   -5.754557304   -6.390448396
   -2.274946404    2.480204727  136.502173664   -6.914832564   -7.523835852
   -2.166615623    2.480204727  135.798138879   -6.166098231   -8.707520805
   -2.058284842    2.480204727  135.230641091   -4.147698990   -9.944482620
   -1.949954061    2.480204727  134.932268283   -1.548002783  -11.218414871
   -1.841623280    2.480204727  134.894026621    0.795059447  -12.483181292
   -1.733292499    2.480204727  135.063611698    2.150582425  -13.699880369
   -1.624961717    2.480204727  135.306008268    1.985329546  -14.793111334
   -1.516630936    2.480204727  135.416120945   -0.084288503  -15.686679789
   -1.408300155    2.480204727  135.199278831   -4.116598095  -16.321969316
   -1.299969374    2.480204727  134.442768664   -9.946089739  -16.641399286
   -1.191638593    2.480204727  132.974297609  -17.196079805  -16.615596413
   -1.083307812    2.480204727  130.665823354  -25.292420045  -16.256875834
   -0.974977030    2.480204727  127.478097984  -33.359131866  -15.581751818
   -0.866646249    2.480204727  123.450237870  -40.781053690  -14.654056538
   -0.758315468    2.480204727  118.715910400  -46.549029808  -13.519574955
   -0.649984687    2.480204727  113.454278523  -50.367064572  -12.287622562
   -0.541653906    2.480204727  107.916350587  -51.627456121  -11.010950348
   -0.433323125    2.480204727  102.373069147  -50.116221889   -9.748220053
   -0.324992343    2.480204727   97.152842745  -45.836636835   -8.547357098
   -0.216661562    2.480204727   92.533290117  -38.903183471   -7.429336984
   -0.108330781    2.480204727   88.787161726  -29.867237564   -6.394620948
    0.000000000    2.480204727   86.108888643  -19.326739569   -5.423228973
    0.108330781    2.480204727   84.603255112   -8.190995803   -4.501345167
    0.216661562    2.480204727   84.296249031    2.596352039   -3.586526349
    0.324992343    2.480204727   85.095397537   12.104283386   -2.658123836
    0.433323125    2.480204727   86.803717845   19.483131332   -1.689877488
    0.541653906    2.480204727   89.154409408   23.887105179   -0.689917809
    0.649984687    2.480204727   91.807340462   25.007268893    0.331375426
    0.758315468    2.480204727   94.399878463   22.645535889    1.335077403
    0.866646249    2.480204727   96.562028853   17.121843317    2.284966115
    0.974977030    2.480204727   97.995403464    8.978992011    3.129289363
    1.083307812    2.480204727   98.446428687   -0.722711694    3.818743428
    1.191638593    2.480204727   97.797123613  -10.964480217    4.326689525
    1.299969374    2.480204727   96.080376655  -20.567871874    4.634465579
    1.408300155    2.480204727   93.419082596  -28.349582696    4.748761069
    1.516630936    2.480204727   90.065097394  -33.324576531    4.688923061
    1.624961717    2.480204727   86.367887784  -34.710871681    4.498839304
    1.733292499    2.480204727   82.728955668  -32.298345972    4.223855044
    1.841623280    2.480204727   79.526623102  -26.306380188    3.915881469
    1.949954061    2.480204727   77.172115021  -16.940549000    3.602697023
    2.058284842    2.480204727   75.983154004   -5.016120164    3.317555367
    2.166615623    2.480204727   76.178635517    8.520110175    3.074137370
    2.274946404    2.480204727   77.863465678   22.473266145    2.871434647
    2.383277185    2.480204727   81.031069817   35.711707877    2.684461921
    2.491607967    2.480204727   85.540557004   47.125168279    2.501711918
    2.599938748    2.480204727   91.153852846   55.950334471    2.295576504
    2.708269529    2.480204727   97.538324349   61.539082947    2.019660034
    2.816600310    2.480204727  104.336574929   63.559465793    1.677052979
    2.924931091    2.480204727  111.164565884   62.075256736    1.228480723
    3.033261872    2.480204727  117.655387419   57.275843916    0.686547230

   -3.141592654    2.810898690  124.961480825   47.978843408    1.966862925
   -3.033261872    2.810898690  129.668983041   38.800886673    0.753901252
   -2.924931091    2.810898690  133.345541788   28.793616840   -0.595446465
   -2.816600310    2.810898690  135.927490739   18.829135406   -2.038551881
   -2.708269529    2.810898690  137.477270758    9.808600736   -3.527234553
   -2.599938748    2.810898690  138.127691618    2.357430083   -5.022542748
   -2.491607967    2.810898690  138.079514623   -3.073971531   -6.494861911
   -2.383277185    2.810898690  137.555514445   -6.397365783   -7.932333593
   -2.274946404    2.810898690  136.798022493   -7.633293003   -9.314595789
   -2.166615623    2.810898690  136.006228246   -7.213293282  -10.659834899
   -2.058284842    2.810898690  135.294113324   -5.898744876  -11.950061970
   -1.949954061    2.810898690  134.748379868   -4.372061265  -13.161163083
   -1.841623280    2.810898690  134.333859817   -3.441512538  -14.267419527
   -1.733292499    2.810898690  133.957049023   -3.655401009  -15.216631068
   -1.624961717    2.810898690  133.484048558   -5.380735540  -15.945168855
   -1.516630936    2.810898690  132.719263123   -8.741421473  -16.402656820
   -1.408300155    2.810898690  131.514921178  -13.623238716  -16.522416807
   -1.299969374    2.810898690  129.711153640  -19.631120712  -16.286615937
   -1.191638593    2.810898690  127.218034299  -26.325304987  -15.685955030
   -1.083307812    2.810898690  123.988788661  -33.066310969  -14.749379820
   -0.974977030    2.810898690  120.062052660  -39.082193548  -13.542716751
   -0.866646249    2.810898690  115.562596028  -43.912256537  -12.142200215
   -0.758315468    2.810898690  110.625440248  -46.985229399  -10.636178728
   -0.649984687    2.810898690  105.466926311  -48.038241835   -9.108199229
   -0.541653906    2.810898690  100.316841569  -46.885683298   -7.622289398
   -0.433323125    2.810898690   95.387789629  -43.460772635   -6.245861214
   -0.324992343    2.810898690   90.969742608  -37.816486147   -4.978779527
   -0.216661562    2.810898690   87.274020035  -30.066562731   -3.829115368
   -0.108330781    2.810898690   84.510441839  -20.670760252   -2.758690148
    0.000000000    2.810898690   82.818997769  -10.201440682   -1.731186797
    0.108330781    2.810898690   82.289174265    0.686557746   -0.702881306
    0.216661562    2.810898690   82.924159394   11.097743300    0.381536679
    0.324992343    2.810898690   84.617774017   20.221365457    1.549084707
    0.433323125    2.810898690   87.181178399   27.094387731    2.805948532
    0.541653906    2.810898690   90.323230975   30.934187654    4.134814675
    0.649984687    2.810898690   93.699319963   31.367379265    5.492905044
    0.758315468    2.810898690   96.935636387   28.099345142    6.814763298
    0.866646249    2.810898690   99.641091450   21.563728632    8.027518597
    0.974977030    2.810898690  101.497614432   12.287344554    9.053050888
    1.083307812    2.810898690  102.245856927    1.400742146    9.832211959
    1.191638593    2.810898690  101.771539250  -10.011202319   10.316375176
    1.299969374    2.810898690  100.102789046  -20.617936752   10.490512286
    1.408300155    2.810898690   97.386777078  -29.182561994   10.368419849
    1.516630936    2.810898690   93.911743295  -34.696935139   10.011957210
    1.624961717    2.810898690   90.047384130  -36.378482311    9.465417472
    1.733292499    2.810898690   86.225913061  -34.013777428    8.818464691
    1.841623280    2.810898690   82.842047484  -27.922742429    8.145461919
    1.949954061    2.810898690   80.316202079  -18.444199787    7.506073271
    2.058284842    2.810898690   78.972724131   -6.339598881    6.938563099
    2.166615623    2.810898690   79.029273583    7.349599027    6.492173304
    2.274946404    2.810898690   80.598943552   21.417766397    6.136656465
    2.383277185    2.810898690   83.651006230   34.651775880    5.862170895
    2.491607967    2.810898690   88.044664594   46.008690270    5.617254003
    2.599938748    2.810898690   93.530554705   54.722129217    5.354978130
    2.708269529    2.810898690   99.775104826   60.099376637    5.000520062
    2.816600310    2.810898690  106.397896627   61.987470963    4.516363944
    2.924931091    2.810898690  113.050900071   60.213573520    3.862079853
    3.033261872    2.810898690  119.336223105   55.392445774    3.003620013
