#! FIELDS phi psi metad.bias der_phi der_psi
#! SET min_phi -pi
#! SET max_phi pi
#! SET nbins_phi  58
#! SET periodic_phi true
#! SET min_psi -pi
#! SET max_psi pi
#! SET nbins_psi  19
#! SET periodic_psi true
   -3.141592654   -3.141592654  122.897691807   45.848631286    1.335757965
   -3.033261872   -3.141592654  127.376029681   36.622878014    0.269203397
   -2.924931091   -3.141592654  130.806529202   26.552108606   -0.813422740
   -2.816600310   -3.141592654  133.151331205   16.521796622   -1.883875444
   -2.708269529   -3.141592654  134.446172987    7.247440625   -2.898280573
   -2.599938748   -3.141592654  134.794767645   -0.596061369   -3.852519752
   -2.491607967   -3.141592654  134.395782899   -6.647752680   -4.739415465
   -2.383277185   -3.141592654  133.448699743  -10.780049876   -5.579689367
   -2.274946404   -3.141592654  132.169274685  -12.953455491   -6.398254593
   -2.166615623   -3.141592654  130.738702400  -13.559177521   -7.226841194
   -2.058284842   -3.141592654  129.294748716  -13.069397431   -8.073886288
   -1.949954061   -3.141592654  127.938863160  -12.099740765   -8.925674951
   -1.841623280   -3.141592654  126.680930969  -11.218979696   -9.760672500
   -1.733292499   -3.141592654  125.483856666  -10.890328470  -10.514547782
   -1.624961717   -3.141592654  124.281503428  -11.441859863  -11.122603819
   -1.516630936   -3.141592654  122.955387567  -13.023426000  -11.507835478
   -1.408300155   -3.141592654  121.412058885  -15.614820115  -11.609007886
   -1.299969374   -3.141592654  119.528395560  -19.075728962  -11.391564222
   -1.191638593   -3.141592654  117.235457587  -23.118363714  -10.849251766
   -1.083307812   -3.141592654  114.487645001  -27.420925888  -10.012078433
   -0.974977030   -3.141592654  111.284026945  -31.476379915   -8.943861300
   -0.866646249   -3.141592654  107.702556988  -34.800732679   -7.719802022
   -0.758315468   -3.141592654  103.800334528  -37.061405680   -6.430396956
   -0.649984687   -3.141592654   99.732819354  -37.874692253   -5.143208178
   -0.541653906   -3.141592654   95.666277476  -37.015462218   -3.925441708
   -0.433323125   -3.141592654   91.781640509  -34.171260419   -2.795787529
   -0.324992343   -3.141592654   88.324846866  -29.288367939   -1.750322566
   -0.216661562   -3.141592654   85.512485123  -22.332915623   -0.762586453
   -0.108330781   -3.141592654   83.543397989  -13.600564095    0.217379640
    0.000000000   -3.141592654   82.594462127   -3.638989046    1.239800448
    0.108330781   -3.141592654   82.752148698    6.864653154    2.362873359
    0.216661562   -3.141592654   84.040004346   16.981511861    3.624409010
    0.324992343   -3.141592654   86.351252686   25.848666503    5.044477234
    0.433323125   -3.141592654   89.506596078   32.305684568    6.601343024
    0.541653906   -3.141592654   93.185421320   35.612396682    8.251143234
    0.649984687   -3.141592654   97.032328837   35.259469882    9.925026373
    0.758315468   -3.141592654  100.641847375   31.001152475   11.527643195
    0.866646249   -3.141592654  103.601576283   23.216712484   12.953624628
    0.974977030   -3.141592654  105.563003639   12.674707664   14.120314247
    1.083307812   -3.141592654  106.284626221    0.406998680   14.947792434
    1.191638593   -3.141592654  105.633437449  -12.189811086   15.382879261
    1.299969374   -3.141592654  103.674589644  -23.802017852   15.431386962
    1.408300155   -3.141592654  100.574210984  -33.088320629   15.111967360
    1.516630936   -3.141592654   96.642969910  -39.065803251   14.480369453
    1.624961717   -3.141592654   92.289504101  -40.901808143   13.616213461
    1.733292499   -3.141592654   87.972906494  -38.508420616   12.598876407
    1.841623280   -3.141592654   84.120813059  -32.139484139   11.518033062
    1.949954061   -3.141592654   81.163527523  -22.246540581   10.448539523
    2.058284842   -3.141592654   79.430156152   -9.683047467    9.438813970
    2.166615623   -3.141592654   79.137923379    4.378332915    8.521473473
    2.274946404   -3.141592654   80.403703673   18.772754892    7.701425428
    2.383277185   -3.141592654   83.189770137   32.317440091    6.965750534
    2.491607967   -3.141592654   87.342300440   43.858934362    6.279487699
    2.599938748   -3.141592654   92.601630836   52.638608536    5.604385958
    2.708269529   -3.141592654   98.620205643   58.030619392    4.901045520
    2.816600310   -3.141592654  105.031597261   59.922011537    4.125567252
    2.924931091   -3.141592654  111.452241821   58.160250678    3.280556796
    3.033261872   -3.141592654  117.510929256   53.293926799    2.342090977

   -3.141592654   -2.810898690  114.410287692   40.101199893   -0.990257489
   -3.033261872   -2.810898690  118.315375490   31.796069792   -1.664909474
   -2.924931091   -2.810898690  121.285242900   22.739577045   -2.302887119
   -2.816600310   -2.810898690  123.274643788   13.708497470   -2.896783895
   -2.708269529   -2.810898690  124.312626259    5.389512821   -3.449171025
   -2.599938748   -2.810898690  124.509848794   -1.669434674   -3.963354236
   -2.491607967   -2.810898690  124.020526172   -7.139802401   -4.468256462
   -2.383277185   -2.810898690  123.051535310  -10.786633232   -4.971329611
   -2.274946404   -2.810898690  121.782167484  -12.676017047   -5.495481011
   -2.166615623   -2.810898690  120.396056382  -13.059588608   -6.070216225
   -2.058284842   -2.810898690  119.019419799  -12.328256300   -6.686053934
   -1.949954061   -2.810898690  117.760406300  -11.001277445   -7.321541176
   -1.841623280   -2.810898690  116.647779738   -9.583728086   -7.946821094
   -1.733292499   -2.810898690  115.670004201   -8.474593417   -8.503698718
   -1.624961717   -2.810898690  114.776591102   -8.067154574   -8.933873528
   -1.516630936   -2.810898690  113.885057946   -8.468114641   -9.180655325
   -1.408300155   -2.810898690  112.889986155   -9.861903217   -9.197224816
   -1.299969374   -2.810898690  111.699362419  -12.239937738   -8.960236603
   -1.191638593   -2.810898690  110.198830260  -15.380186373   -8.464877514
   -1.083307812   -2.810898690  108.324412361  -19.091287686   -7.738728079
   -0.974977030   -2.810898690  106.040658381  -22.939786736   -6.825707807
   -0.866646249   -2.810898690  103.385091170  -26.352979927   -5.777289248
   -0.758315468   -2.810898690  100.383941095  -29.058592973   -4.653357607
   -0.649984687   -2.810898690   97.153516557  -30.478322197   -3.503822315
   -0.541653906   -2.810898690   93.848716146  -30.325525277   -2.364929768
   -0.433323125   -2.810898690   90.658298653  -28.112890425   -1.242676915
   -0.324992343   -2.810898690   87.825244116  -23.748106318   -0.131520921
   -0.216661562   -2.810898690   85.590797355  -17.169579248    1.002580881
   -0.108330781   -2.810898690   84.167802521   -8.663976081    2.189671610
    0.000000000   -2.810898690   83.749867252    1.189321233    3.485633377
    0.108330781   -2.810898690   84.426517033   11.650503576    4.922051041
    0.216661562   -2.810898690   86.220735076   21.631807748    6.511558209
    0.324992343   -2.810898690   89.019482135   30.174221493    8.245145150
    0.433323125   -2.810898690   92.614436637   36.058422165   10.079992218
    0.541653906   -2.810898690   96.661944928   38.577504706   11.962454301
    0.649984687   -2.810898690  100.781277844   37.155961359   13.798966905
    0.758315468   -2.810898690  104.532917068   31.677998578   15.481988439
    0.866646249   -2.810898690  107.497010922   22.616539170   16.897773248
    0.974977030   -2.810898690  109.329513054   10.875804718   17.960403493
    1.083307812   -2.810898690  109.792525089   -2.486303917   18.595300718
    1.191638593   -2.810898690  108.782064233  -15.932754687   18.754955088
    1.299969374   -2.810898690  106.374433008  -28.137140595   18.454347028
    1.408300155   -2.810898690  102.787730852  -37.746478133   17.734769283
    1.516630936   -2.810898690   98.336707356  -43.855010363   16.659138963
    1.624961717   -2.810898690   93.457211196  -45.773094261   15.316667316
    1.733292499   -2.810898690   88.603672641  -43.424911868   13.791082190
    1.841623280   -2.810898690   84.218636222  -37.105402706   12.189969629
    1.949954061   -2.810898690   80.706110528  -27.444343753   10.581748624
    2.058284842   -2.810898690   78.391163352  -15.200278674    9.048503829
    2.166615623   -2.810898690   77.494674054   -1.519002253    7.594947535
    2.274946404   -2.810898690   78.092075021   12.413299940    6.276315578
    2.383277185   -2.810898690   80.161273938   25.434031447    5.075599798
    2.491607967   -2.810898690   83.535656258   36.569069546    3.993137210
    2.599938748   -2.810898690   87.992060062   45.041868464    3.004779929
    2.708269529   -2.810898690   93.184683206   50.348310612    2.101093783
    2.816600310   -2.810898690   98.766907553   52.358217486    1.264995791
    2.924931091   -2.810898690  104.377081546   51.029952203    0.472442395
    3.033261872   -2.810898690  109.696014140   46.732694953   -0.275388624

   -3.141592654   -2.480204727  111.625865261   36.652944665   -3.219359119
   -3.033261872   -2.480204727  115.165426128   28.480474351   -3.522980210
   -2.924931091   -2.480204727  117.780536080   19.625819832   -3.748667523
   -2.816600310   -2.480204727  119.438582184   10.832770777   -3.908218805
   -2.708269529   -2.480204727  120.187701255    2.873405022   -4.035032084
   -2.599938748   -2.480204727  120.131509361   -3.837181754   -4.142556362
   -2.491607967   -2.480204727  119.430765830   -8.909832553   -4.264269858
   -2.383277185   -2.480204727  118.290533640  -12.173389817   -4.416734646
   -2.274946404   -2.480204727  116.890215478  -13.725592232   -4.627769459
   -2.166615623   -2.480204727  115.401432473  -13.814006924   -4.912869289
   -2.058284842   -2.480204727  113.970044102  -12.708325105   -5.263791214
   -1.949954061   -2.480204727  112.688111651  -10.992157206   -5.664740609
   -1.841623280   -2.480204727  111.604719901   -9.079571451   -6.078738262
   -1.733292499   -2.480204727  110.714030994   -7.397202972   -6.453763345
   -1.624961717   -2.480204727  109.972176311   -6.345482106   -6.740516935
   -1.516630936   -2.480204727  109.303179816   -6.072767450   -6.894073259
   -1.408300155   -2.480204727  108.598516619   -6.836665131   -6.878743502
   -1.299969374   -2.480204727  107.770005139   -8.607582654   -6.661787481
   -1.191638593   -2.480204727  106.689386367  -11.324376033   -6.256452995
   -1.083307812   -2.480204727  105.266505544  -14.711026027   -5.679192426
   -0.974977030   -2.480204727  103.480517364  -18.387719020   -4.935667807
   -0.866646249   -2.480204727  101.312680962  -21.885410613   -4.073232548
   -0.758315468   -2.480204727   98.785667021  -24.726180821   -3.133417693
   -0.649984687   -2.480204727   96.027013752  -26.364862582   -2.137314698
   -0.541653906   -2.480204727   93.141274862  -26.488861356   -1.118167335
   -0.433323125   -2.480204727   90.352287281  -24.506552635   -0.050230256
   -0.324992343   -2.480204727   87.897648054  -20.328575262    1.066833956
   -0.216661562   -2.480204727   86.026766648  -13.844394169    2.263916604
   -0.108330781   -2.480204727   84.963774236   -5.390909528    3.564065573
    0.000000000   -2.480204727   84.904291317    4.566767254    4.992977884
    0.108330781   -2.480204727   85.951158254   15.168665700    6.562704013
    0.216661562   -2.480204727   88.136795752   25.320053733    8.266293080
    0.324992343   -2.480204727   91.348015668   34.041039109   10.070860948
    0.433323125   -2.480204727   95.366255706   40.058212607   11.916843693
    0.541653906   -2.480204727   99.850837695   42.599061928   13.724750947
    0.649984687   -2.480204727  104.404189103   41.051942284   15.410296309
    0.758315468   -2.480204727  108.561810115   35.234284866   16.861959175
    0.866646249   -2.480204727  111.885866218   25.612965342   17.987158839
    0.974977030   -2.480204727  113.995849459   13.037989897   18.697028721
    1.083307812   -2.480204727  114.637295443   -1.313632654   18.951930877
    1.191638593   -2.480204727  113.698039997  -15.984518589   18.729575819
    1.299969374   -2.480204727  111.216229915  -29.383667853   18.047724080
    1.408300155   -2.480204727  107.425107885  -40.213987827   16.972099421
    1.516630936   -2.480204727  102.647881517  -47.377458762   15.569527872
    1.624961717   -2.480204727   97.331780553  -50.202999251   13.929024440
    1.733292499   -2.480204727   91.967531855  -48.448640149   12.134459810
    1.841623280   -2.480204727   87.014842014  -42.478949444   10.290377117
    1.949954061   -2.480204727   82.912145387  -32.867025272    8.459183078
    2.058284842   -2.480204727   80.010483614  -20.534938404    6.708531698
    2.166615623   -2.480204727   78.540238251   -6.611000298    5.058760715
    2.274946404   -2.480204727   78.616062671    7.697877548    3.550537667
    2.383277185   -2.480204727   80.189777874   21.066981975    2.196616319
    2.491607967   -2.480204727   83.114047210   32.516440613    0.996609871
    2.599938748   -2.480204727   87.145495835   41.225763697   -0.049227303
    2.708269529   -2.480204727   91.937020234   46.708714873   -0.945173403
    2.816600310   -2.480204727   97.128175453   48.804737690   -1.699257532
    2.924931091   -2.480204727  102.357109107   47.487719517   -2.318994317
    3.033261872   -2.480204727  107.286982810   43.163084874   -2.818814557

   -3.141592654   -2.149510763  109.810332701   35.704207112   -5.698011334
   -3.033261872   -2.149510763  113.271695748   27.924065711   -5.745983144
   -2.924931091   -2.149510763  115.851647254   19.387618777   -5.661891304
   -2.816600310   -2.149510763  117.496018438   10.851472826   -5.472353334
   -2.708269529   -2.149510763  118.254471364    3.057566889   -5.211803799
   -2.599938748   -2.149510763  118.216877286   -3.591621703   -4.904923849
   -2.491607967   -2.149510763  117.548490868   -8.619250419   -4.573852242
   -2.383277185   -2.149510763  116.434090160  -11.934897426   -4.237947038
   -2.274946404   -2.149510763  115.049941334  -13.594231747   -3.919605734
   -2.166615623   -2.149510763  113.568015004  -13.767359206   -3.629594144
   -2.058284842   -2.149510763  112.136258438  -12.754639940   -3.371676618
   -1.949954061   -2.149510763  110.847493263  -11.065425307   -3.141473143
   -1.841623280   -2.149510763  109.758000664   -9.093485815   -2.931144779
   -1.733292499   -2.149510763  108.870930752   -7.263990882   -2.734427170
   -1.624961717   -2.149510763  108.150144027   -5.999511320   -2.536765927
   -1.516630936   -2.149510763  107.531311219   -5.470676148   -2.336559066
   -1.408300155   -2.149510763  106.916653122   -5.928204671   -2.124769414
   -1.299969374   -2.149510763  106.207757092   -7.331934052   -1.888289875
   -1.191638593   -2.149510763  105.280947494   -9.703110887   -1.623310111
   -1.083307812   -2.149510763  104.057767709  -12.789540050   -1.326288392
   -0.974977030   -2.149510763  102.504062741  -16.088753420   -0.970994114
   -0.866646249   -2.149510763  100.580089235  -19.336000948   -0.547765924
   -0.758315468   -2.149510763   98.346903801  -21.970538053   -0.064368247
   -0.649984687   -2.149510763   95.899140536  -23.328568193    0.529004345
   -0.541653906   -2.149510763   93.363599381  -23.169681059    1.226940576
   -0.433323125   -2.149510763   90.948696268  -20.871413054    2.058029913
   -0.324992343   -2.149510763   88.908420681  -16.366362471    3.034148222
   -0.216661562   -2.149510763   87.481636307   -9.533529037    4.169862314
   -0.108330781   -2.149510763   86.913663180   -0.743262416    5.467115717
    0.000000000   -2.149510763   87.362701221    9.458491731    6.905302745
    0.108330781   -2.149510763   88.950375665   20.150474145    8.471038878
    0.216661562   -2.149510763   91.669957088   30.310178219   10.103115268
    0.324992343   -2.149510763   95.411905879   38.762333933   11.752632791
    0.433323125   -2.149510763   99.924027166   44.415562728   13.331892714
    0.541653906   -2.149510763  104.856178301   46.344252422   14.768332666
    0.649984687   -2.149510763  109.765929527   44.126521332   15.975044629
    0.758315468   -2.149510763  114.215354300   37.417001557   16.874980070
    0.866646249   -2.149510763  117.724392265   26.863313147   17.412099008
    0.974977030   -2.149510763  119.915243757   13.250984310   17.540089556
    1.083307812   -2.149510763  120.521240835   -2.086529420   17.251975910
    1.191638593   -2.149510763  119.448738032  -17.735349041   16.572799426
    1.299969374   -2.149510763  116.721483736  -32.030748721   15.533060516
    1.408300155   -2.149510763  112.596987271  -43.690172417   14.204814384
    1.516630936   -2.149510763  107.413766559  -51.526835840   12.650263891
    1.624961717   -2.149510763  101.614208550  -54.946589960   10.942896392
    1.733292499   -2.149510763   95.708018489  -53.598628309    9.150070534
    1.841623280   -2.149510763   90.181844946  -47.923948805    7.331591080
    1.949954061   -2.149510763   85.487787688  -38.418033018    5.549828736
    2.058284842   -2.149510763   81.984973101  -26.064531951    3.823071635
    2.166615623   -2.149510763   79.925391161  -11.953108671    2.196101833
    2.274946404   -2.149510763   79.438055008    2.649255773    0.683468424
    2.383277185   -2.149510763   80.483762937   16.420766385   -0.691082944
    2.491607967   -2.149510763   82.933636631   28.353957903   -1.915069251
    2.599938748   -2.149510763   86.541360912   37.627653135   -2.983098750
    2.708269529   -2.149510763   90.980418593   43.653239568   -3.873513556
    2.816600310   -2.149510763   95.874483369   46.285732364   -4.596888044
    2.924931091   -2.149510763  100.849588572   45.573855257   -5.142279773
    3.033261872   -2.149510763  105.600068866   41.764456058   -5.502064140

   -3.141592654   -1.818816799  107.550608793   35.543536149   -8.150915076
   -3.033261872   -1.818816799  111.022532064   28.225414185   -8.066743423
   -2.924931091   -1.818816799  113.648798500   20.092893593   -7.816289598
   -2.816600310   -1.818816799  115.386777192   11.882078073   -7.421848992
   -2.708269529   -1.818816799  116.271077013    4.339922578   -6.915859324
   -2.599938748   -1.818816799  116.378269317   -2.123897312   -6.318460200
   -2.491607967   -1.818816799  115.884589645   -7.038223635   -5.658574305
   -2.383277185   -1.818816799  114.944310670  -10.303177004   -4.956961088
   -2.274946404   -1.818816799  113.729877275  -11.984998687   -4.229755823
   -2.166615623   -1.818816799  112.422472217  -12.174596933   -3.498542763
   -2.058284842   -1.818816799  111.164197926  -11.214546121   -2.777905219
   -1.949954061   -1.818816799  110.039154237   -9.599138408   -2.075431103
   -1.841623280   -1.818816799  109.104185875   -7.712860705   -1.402762316
   -1.733292499   -1.818816799  108.368271149   -5.971561246   -0.779740172
   -1.624961717   -1.818816799  107.784509395   -4.754201434   -0.219302879
   -1.516630936   -1.818816799  107.293496266   -4.365876901    0.264541162
   -1.408300155   -1.818816799  106.800786088   -4.858725663    0.662371199
   -1.299969374   -1.818816799  106.198487372   -6.339753561    0.969272617
   -1.191638593   -1.818816799  105.387170616   -8.680251228    1.206327550
   -1.083307812   -1.818816799  104.277397063  -11.656311733    1.384494745
   -0.974977030   -1.818816799  102.865790175  -14.679537087    1.549920116
   -0.866646249   -1.818816799  101.108403947  -17.584978649    1.740726910
   -0.758315468   -1.818816799   99.080332411  -19.783029398    1.999802610
   -0.649984687   -1.818816799   96.893788092  -20.701799335    2.362309909
   -0.541653906   -1.818816799   94.676419040  -19.948202070    2.885939475
   -0.433323125   -1.818816799   92.643054702  -17.120031610    3.590048999
   -0.324992343   -1.818816799   91.031636623  -12.128050995    4.491156120
   -0.216661562   -1.818816799   90.081834465   -4.975466509    5.575103387
   -0.108330781   -1.818816799   90.018555092    3.993337767    6.816908915
    0.000000000   -1.818816799   90.990026793   14.198960172    8.170902183
    0.108330781   -1.818816799   93.080987336   24.749957301    9.579115296
    0.216661562   -1.818816799   96.286630440   34.579784935   10.961218796
    0.324992343   -1.818816799  100.465429995   42.560084547   12.241850429
    0.433323125   -1.818816799  105.357112435   47.612303641   13.351768462
    0.541653906   -1.818816799  110.593130930   48.784680935   14.221534947
    0.649984687   -1.818816799  115.718502162   45.633937367   14.802117181
    0.758315468   -1.818816799  120.276259900   37.896814891   15.054923066
    0.866646249   -1.818816799  123.772455682   26.169162785   14.970573091
    0.974977030   -1.818816799  125.819032100   11.358996306   14.545571077
    1.083307812   -1.818816799  126.159444197   -5.169665443   13.807555746
    1.191638593   -1.818816799  124.692566691  -21.890622919   12.805814568
    1.299969374   -1.818816799  121.480221595  -37.047664788   11.577851239
    1.408300155   -1.818816799  116.766075832  -49.304338713   10.185169716
    1.516630936   -1.818816799  110.946843893  -57.485541363    8.681348125
    1.624961717   -1.818816799  104.501830554  -60.973435034    7.104970606
    1.733292499   -1.818816799   97.944671642  -59.526158203    5.502667945
    1.841623280   -1.818816799   91.796210503  -53.502852815    3.889958992
    1.949954061   -1.818816799   86.526097551  -43.574348157    2.314271252
    2.058284842   -1.818816799   82.487193111  -30.758073236    0.775511662
    2.166615623   -1.818816799   79.946728364  -16.222379445   -0.692631342
    2.274946404   -1.818816799   79.017805691   -1.191894661   -2.094148064
    2.383277185   -1.818816799   79.665618637   13.000663732   -3.395113542
    2.491607967   -1.818816799   81.764638255   25.304362276   -4.580273736
    2.599938748   -1.818816799   85.064450985   34.993655536   -5.630217425
    2.708269529   -1.818816799   89.239759289   41.453778826   -6.512161387
    2.816600310   -1.818816799   93.921887427   44.564100012   -7.224043783
    2.924931091   -1.818816799   98.735994693   44.359841118   -7.734665564
    3.033261872   -1.818816799  103.385999851   41.091689592   -8.044057162

   -3.141592654   -1.488122836  104.838567413   35.685305434   -9.980324719
   -3.033261872   -1.488122836  108.360170301   28.922120973   -9.762304153
   -2.924931091   -1.488122836  111.087178343   21.304506981   -9.356673618
   -2.816600310   -1.488122836  112.976446363   13.490913366   -8.787446937
   -2.708269529   -1.488122836  114.044834473    6.233312835   -8.072934681
   -2.599938748   -1.488122836  114.380266631    0.030636766   -7.258809961
   -2.491607967   -1.488122836  114.126753685   -4.706393168   -6.354836773
   -2.383277185   -1.488122836  113.443182481   -7.869140431   -5.391771452
   -2.274946404   -1.488122836  112.503312192   -9.444050075   -4.386331859
   -2.166615623   -1.488122836  111.470397204   -9.595683186   -3.354111786
   -2.058284842   -1.488122836  110.488500106   -8.637955269   -2.315956931
   -1.949954061   -1.488122836  109.651466043   -7.002892045   -1.296306177
   -1.841623280   -1.488122836  108.993980953   -5.158792351   -0.305925837
   -1.733292499   -1.488122836  108.529910996   -3.485098346    0.617391445
   -1.624961717   -1.488122836  108.209034580   -2.371643538    1.450642435
   -1.516630936   -1.488122836  107.973528220   -2.107266595    2.159030876
   -1.408300155   -1.488122836  107.721075430   -2.705387374    2.730256910
   -1.299969374   -1.488122836  107.350265941   -4.247919549    3.152511055
   -1.191638593   -1.488122836  106.763099205   -6.623207020    3.442315374
   -1.083307812   -1.488122836  105.876816972   -9.498493571    3.628874783
   -0.974977030   -1.488122836  104.709952048  -12.433142658    3.760079167
   -0.866646249   -1.488122836  103.212181063  -15.103804522    3.895856566
   -0.758315468   -1.488122836  101.471227670  -17.067679804    4.091174269
   -0.649984687   -1.488122836   99.576013739  -17.818839012    4.374852385
   -0.541653906   -1.488122836   97.673571545  -16.974307334    4.819982619
   -0.433323125   -1.488122836   95.962702797  -14.201218564    5.423477986
   -0.324992343   -1.488122836   94.663517767   -9.350895576    6.182096185
   -0.216661562   -1.488122836   93.997739333   -2.436186487    7.069600312
   -0.108330781   -1.488122836   94.193007595    6.242125548    8.032697858
    0.000000000   -1.488122836   95.393434446   16.105566893    9.009446432
    0.108330781   -1.488122836   97.674822452   26.371245143    9.925122026
    0.216661562   -1.488122836  101.043904429   35.953843596   10.718747701
    0.324992343   -1.488122836  105.356505628   43.770082167   11.313721690
    0.433323125   -1.488122836  110.376785274   48.676796022   11.678258940
    0.541653906   -1.488122836  115.720819529   49.742635464   11.780542906
    0.649984687   -1.488122836  120.947671239   46.310883920   11.608256079
    0.758315468   -1.488122836  125.560253033   38.343724302   11.173894354
    0.866646249   -1.488122836  129.074157920   26.151842990   10.505925077
    0.974977030   -1.488122836  131.092230885   10.727422768    9.639424168
    1.083307812   -1.488122836  131.321582534   -6.551484814    8.612862601
    1.191638593   -1.488122836  129.657595360  -24.123704665    7.477799475
    1.299969374   -1.488122836  126.151537275  -40.174548696    6.276158567
    1.408300155   -1.488122836  121.059631941  -53.295820536    5.038237385
    1.516630936   -1.488122836  114.758832180  -62.265263354    3.789906978
    1.624961717   -1.488122836  107.759428966  -66.379910573    2.545143523
    1.733292499   -1.488122836  100.596497131  -65.361607675    1.307670821
    1.841623280   -1.488122836   93.805647097  -59.534568501    0.079840638
    1.949954061   -1.488122836   87.874697692  -49.640200560   -1.147134474
    2.058284842   -1.488122836   83.192733494  -36.626183933   -2.358373375
    2.166615623   -1.488122836   80.022312092  -21.791858171   -3.554317949
    2.274946404   -1.488122836   78.513381791   -6.318504688   -4.734451349
    2.383277185   -1.488122836   78.639408154    8.431645574   -5.865994645
    2.491607967   -1.488122836   80.274684707   21.369386412   -6.922021644
    2.599938748   -1.488122836   83.183650607   31.688235985   -7.869735156
    2.708269529   -1.488122836   87.044283084   38.877990861   -8.683713976
    2.816600310   -1.488122836   91.484456518   42.664289840   -9.321172493
    2.924931091   -1.488122836   96.128601107   43.219628512   -9.760763256
    3.033261872   -1.488122836  100.693388979   40.628927649   -9.974408464

   -3.141592654   -1.157428872  104.613598346   37.201729400  -10.675632780
   -3.033261872   -1.157428872  108.313099767   30.627233838  -10.284668323
   -2.924931091   -1.157428872  111.233230564   23.027214651   -9.706319163
   -2.816600310   -1.157428872  113.301643489   15.116727651   -8.972917864
   -2.708269529   -1.157428872  114.531225255    7.623225651   -8.118822340
   -2.599938748   -1.157428872  115.006363610    1.212184561   -7.185463917
   -2.491607967   -1.157428872  114.868462175   -3.734103561   -6.173913832
   -2.383277185   -1.157428872  114.288288113   -6.970957634   -5.105660325
   -2.274946404   -1.157428872  113.447463595   -8.517598558   -3.990889651
   -2.166615623   -1.157428872  112.525712603   -8.493365729   -2.822966408
   -2.058284842   -1.157428872  111.679575434   -7.258403456   -1.619316801
   -1.949954061   -1.157428872  111.010407440   -5.253382435   -0.393721599
   -1.841623280   -1.157428872  110.562360975   -3.009668791    0.831912088
   -1.733292499   -1.157428872  110.349102917   -1.017002311    2.023639929
   -1.624961717   -1.157428872  110.310530937    0.354805686    3.133729041
   -1.516630936   -1.157428872  110.378902126    0.813861617    4.120838665
   -1.408300155   -1.157428872  110.450976350    0.251594652    4.949533928
   -1.299969374   -1.157428872  110.399957024   -1.259983705    5.607484315
   -1.191638593   -1.157428872  110.128171679   -3.752972525    6.087875684
   -1.083307812   -1.157428872  109.548841904   -6.772910305    6.423895620
   -0.974977030   -1.157428872  108.658953131   -9.886769167    6.651998429
   -0.866646249   -1.157428872  107.430983689  -12.845795343    6.829730001
   -0.758315468   -1.157428872  105.914087533  -15.162667276    7.006744332
   -0.649984687   -1.157428872  104.201983892  -16.356141079    7.215837561
   -0.541653906   -1.157428872  102.421741141  -16.021536121    7.495908749
   -0.433323125   -1.157428872  100.794003605  -13.772417285    7.842027564
   -0.324992343   -1.157428872   99.510038637   -9.426296512    8.238762965
   -0.216661562   -1.157428872   98.812513378   -2.954744968    8.647924535
   -0.108330781   -1.157428872   98.936844986    5.435422607    9.014268734
    0.000000000   -1.157428872  100.035832964   15.184028436    9.287885121
    0.108330781   -1.157428872  102.220070248   25.460629423    9.405734726
    0.216661562   -1.157428872  105.497598750   35.208874208    9.323606182
    0.324992343   -1.157428872  109.741108096   43.244527827    9.021454846
    0.433323125   -1.157428872  114.711406544   48.362140579    8.485433574
    0.541653906   -1.157428872  120.031433893   49.583750378    7.733624813
    0.649984687   -1.157428872  125.238199122   46.139447792    6.792503321
    0.758315468   -1.157428872  129.820579288   38.071334668    5.707922597
    0.866646249   -1.157428872  133.288677431   25.533510323    4.537579594
    0.974977030   -1.157428872  135.214920798    9.709136311    3.331338763
    1.083307812   -1.157428872  135.310352377   -8.056329716    2.144293764
    1.191638593   -1.157428872  133.458913001  -26.095102290    1.009351403
    1.299969374   -1.157428872  129.716211582  -42.673999799   -0.028252505
    1.408300155   -1.157428872  124.325174744  -56.156924295   -0.967679182
    1.516630936   -1.157428872  117.698136512  -65.488078093   -1.818198482
    1.624961717   -1.157428872  110.342710873  -69.824521827   -2.594390546
    1.733292499   -1.157428872  102.783367959  -69.013838877   -3.322180088
    1.841623280   -1.157428872   95.602645276  -63.238806590   -4.041163531
    1.949954061   -1.157428872   89.274913423  -53.332587463   -4.769495579
    2.058284842   -1.157428872   84.195926258  -40.185546486   -5.530852602
    2.166615623   -1.157428872   80.661238725  -25.075081618   -6.332855303
    2.274946404   -1.157428872   78.812892313   -9.264079645   -7.165533082
    2.383277185   -1.157428872   78.650882829    6.014394576   -8.009071808
    2.491607967   -1.157428872   80.050867903   19.520476058   -8.813571163
    2.599938748   -1.157428872   82.791758342   30.488816379   -9.540879287
    2.708269529   -1.157428872   86.559159371   38.313720447  -10.154074884
    2.816600310   -1.157428872   90.972229951   42.777332039  -10.595469929
    2.924931091   -1.157428872   95.671134433   43.912520591  -10.840380659
    3.033261872   -1.157428872  100.330467912   41.804743151  -10.862214830

   -3.141592654   -0.826734909  105.516355317   36.103522642   -9.606974600
   -3.033261872   -0.826734909  109.083110866   29.255086584   -9.099009910
   -2.924931091   -0.826734909  111.847145243   21.574479599   -8.411433405
   -2.816600310   -0.826734909  113.773587121   13.911813575   -7.577962693
   -2.708269529   -0.826734909  114.892663445    6.887758837   -6.629492557
   -2.599938748   -0.826734909  115.319732202    1.128669251   -5.590675932
   -2.491607967   -0.826734909  115.234000381   -2.885848480   -4.485587073
   -2.383277185   -0.826734909  114.792537446   -5.126226579   -3.320147362
   -2.274946404   -0.826734909  114.211467604   -5.555451275   -2.097077418
   -2.166615623   -0.826734909  113.667706324   -4.473231191   -0.815542601
   -2.058284842   -0.826734909  113.315648054   -2.219771301    0.519189451
   -1.949954061   -0.826734909  113.242386283    0.682247305    1.900379304
   -1.841623280   -0.826734909  113.476743456    3.678229193    3.305800734
   -1.733292499   -0.826734909  114.013666307    6.191660567    4.705875179
   -1.624961717   -0.826734909  114.774188481    7.801735096    6.052419269
   -1.516630936   -0.826734909  115.651092837    8.193136716    7.306589411
   -1.408300155   -0.826734909  116.500609978    7.194690566    8.417663430
   -1.299969374   -0.826734909  117.155809457    4.828200083    9.353832441
   -1.191638593   -0.826734909  117.479800598    1.162522570   10.100608477
   -1.083307812   -0.826734909  117.356675058   -3.400904126   10.652179962
   -0.974977030   -0.826734909  116.722351164   -8.327427243   11.034575148
   -0.866646249   -0.826734909  115.574527612  -13.037847289   11.253396889
   -0.758315468   -0.826734909  113.938462709  -17.192623639   11.348379586
   -0.649984687   -0.826734909  111.913430272  -19.975514155   11.342689126
   -0.541653906   -0.826734909  109.676609837  -20.809007845   11.244806452
   -0.433323125   -0.826734909  107.488923987  -19.301347523   11.063242391
   -0.324992343   -0.826734909  105.586486708  -15.239056016   10.788010806
   -0.216661562   -0.826734909  104.266026242   -8.646783164   10.399242354
   -0.108330781   -0.826734909  103.789604534    0.143356944    9.869579995
    0.000000000   -0.826734909  104.352519273   10.547275150    9.175254624
    0.108330781   -0.826734909  106.074851001   21.478386885    8.300097255
    0.216661562   -0.826734909  108.953378260   31.852929945    7.231580099
    0.324992343   -0.826734909  112.864328791   40.288678422    5.981058806
    0.433323125   -0.826734909  117.527148234   45.663986936    4.560657307
    0.541653906   -0.826734909  122.568288015   46.975414627    3.012439511
    0.649984687   -0.826734909  127.489568202   43.531658711    1.393379229
    0.758315468   -0.826734909  131.780675699   35.342843489   -0.232746454
    0.866646249   -0.826734909  134.948026727   22.733492206   -1.784600738
    0.974977030   -0.826734909  136.565936825    6.847958082   -3.215149291
    1.083307812   -0.826734909  136.355235703  -10.811890921   -4.457021803
    1.191638593   -0.826734909  134.210841485  -28.716276878   -5.477232794
    1.299969374   -0.826734909  130.208033966  -44.961340590   -6.260274201
    1.408300155   -0.826734909  124.590912620  -58.039727874   -6.811922791
    1.516630936   -0.826734909  117.782976417  -66.891475628   -7.169901209
    1.624961717   -0.826734909  110.303081180  -70.709401942   -7.373740731
    1.733292499   -0.826734909  102.677215860  -69.368027052   -7.496304617
    1.841623280   -0.826734909   95.484367640  -63.080524761   -7.583013755
    1.949954061   -0.826734909   89.203174125  -52.689577391   -7.692960725
    2.058284842   -0.826734909   84.217872964  -39.127045543   -7.866562115
    2.166615623   -0.826734909   80.818332500  -23.685601170   -8.110850982
    2.274946404   -0.826734909   79.118461387   -7.707717512   -8.424392001
    2.383277185   -0.826734909   79.141475949    7.645021593   -8.799648264
    2.491607967   -0.826734909   80.712613718   21.078910946   -9.192781210
    2.599938748   -0.826734909   83.611545424   31.805941221   -9.565008729
    2.708269529   -0.826734909   87.494589726   39.264655846   -9.868565815
    2.816600310   -0.826734909   91.982003976   43.212974462  -10.054190342
    2.924931091   -0.826734909   96.702889987   43.806621308  -10.087483235
    3.033261872   -0.826734909  101.327435222   41.189819403   -9.941279030

   -3.141592654   -0.496040945  104.271531585   39.967632998   -6.183160383
   -3.033261872   -0.496040945  108.323158837   34.310875138   -5.507519139
   -2.924931091   -0.496040945  111.691949115   27.699269879   -4.721464416
   -2.816600310   -0.496040945  114.325427996   20.850568735   -3.847676805
   -2.708269529   -0.496040945  116.235691965   14.415760522   -2.914487543
   -2.599938748   -0.496040945  117.492820362    8.991850760   -1.940027508
   -2.491607967   -0.496040945  118.266365193    5.103403825   -0.932320776
   -2.383277185   -0.496040945  118.686012606    2.706528245    0.106347339
   -2.274946404   -0.496040945  118.940327136    1.952013308    1.210336418
   -2.166615623   -0.496040945  119.181758054    2.498815877    2.383884323
   -2.058284842   -0.496040945  119.546384205    4.063286834    3.647815545
   -1.949954061   -0.496040945  120.100225474    6.041664677    5.005733054
   -1.841623280   -0.496040945  120.861970807    7.931678982    6.442214756
   -1.733292499   -0.496040945  121.782273190    9.106019969    7.922311103
   -1.624961717   -0.496040945  122.779413262    9.191676773    9.389652959
   -1.516630936   -0.496040945  123.708700470    7.846417870   10.779295283
   -1.408300155   -0.496040945  124.420400019    5.054036646   12.023624384
   -1.299969374   -0.496040945  124.755895269    0.909179397   13.049318412
   -1.191638593   -0.496040945  124.559635152   -4.346212650   13.832168094
   -1.083307812   -0.496040945  123.768197045  -10.216283557   14.331069169
   -0.974977030   -0.496040945  122.342803144  -16.028350391   14.545415417
   -0.866646249   -0.496040945  120.327337687  -21.141901328   14.484505831
   -0.758315468   -0.496040945  117.812310363  -25.237398102   14.183483617
   -0.649984687   -0.496040945  114.948310521  -27.427401825   13.666147520
   -0.541653906   -0.496040945  111.949005238  -27.372054006   12.945914099
   -0.433323125   -0.496040945  109.104212284  -24.854180580   12.076309047
   -0.324992343   -0.496040945  106.663109690  -19.735375028   11.045103104
   -0.216661562   -0.496040945  104.907826739  -12.214571134    9.867809002
   -0.108330781   -0.496040945  104.075815937   -2.756936852    8.536964924
    0.000000000   -0.496040945  104.341367465    7.894755227    7.051447088
    0.108330781   -0.496040945  105.775729144   18.763228021    5.415810558
    0.216661562   -0.496040945  108.336834304   28.759370995    3.643701469
    0.324992343   -0.496040945  111.884070795   36.636217306    1.751249641
    0.433323125   -0.496040945  116.117746993   41.462751145   -0.216623656
    0.541653906   -0.496040945  120.678504380   42.324838411   -2.215162117
    0.649984687   -0.496040945  125.086737954   38.760833082   -4.168300992
    0.758315468   -0.496040945  128.869489290   30.799731164   -5.988904843
    0.866646249   -0.496040945  131.571860153   18.879958414   -7.594504157
    0.974977030   -0.496040945  132.825701813    3.994002135   -8.921280325
    1.083307812   -0.496040945  132.375971752  -12.362026661   -9.924581430
    1.191638593   -0.496040945  130.136862619  -28.850329210  -10.565291284
    1.299969374   -0.496040945  126.198090667  -43.709012617  -10.863406745
    1.408300155   -0.496040945  120.783911403  -55.642905596  -10.844247874
    1.516630936   -0.496040945  114.281879070  -63.675039789  -10.575715034
    1.624961717   -0.496040945  107.174000436  -67.107257593  -10.137992531
    1.733292499   -0.496040945   99.942767149  -65.808562095   -9.610725295
    1.841623280   -0.496040945   93.122905307  -59.897537772   -9.066980623
    1.949954061   -0.496040945   87.153339294  -50.205117137   -8.580201483
    2.058284842   -0.496040945   82.388493055  -37.511660604   -8.181879172
    2.166615623   -0.496040945   79.114261101  -22.978061093   -7.896999659
    2.274946404   -0.496040945   77.459621109   -7.714580719   -7.724348411
    2.383277185   -0.496040945   77.431432186    6.986855399   -7.637848266
    2.491607967   -0.496040945   78.926908969   20.207184351   -7.612752986
    2.599938748   -0.496040945   81.732330903   31.027450337   -7.590553254
    2.708269529   -0.496040945   85.554907905   38.945362449   -7.526652957
    2.816600310   -0.496040945   90.046797518   43.687484281   -7.382189310
    2.924931091   -0.496040945   94.878642162   45.282860405   -7.120571550
    3.033261872   -0.496040945   99.728677363   43.831435166   -6.724046928

   -3.141592654   -0.165346982   98.916217373   45.423579388    1.653902279
   -3.033261872   -0.165346982  103.614625591   40.837375636    2.421494768
   -2.924931091   -0.165346982  107.731576180   34.927427951    3.193330731
   -2.816600310   -0.165346982  111.162904983   28.273191760    3.943379583
   -2.708269529   -0.165346982  113.871713949   21.595657657    4.657892977
   -2.599938748   -0.165346982  115.878764739   15.590091325    5.339676832
   -2.491607967   -0.165346982  117.316896534   10.848930230    6.002117948
   -2.383277185   -0.165346982  118.315198828    7.625178641    6.669476687
   -2.274946404   -0.165346982  119.056667807    6.053723349    7.377015390
   -2.166615623   -0.165346982  119.708243718    5.967642163    8.159363218
   -2.058284842   -0.165346982  120.422921066    7.041192691    9.048557654
   -1.949954061   -0.165346982  121.278048525    8.671771511   10.053295451
   -1.841623280   -0.165346982  122.305175209   10.265746098   11.168812185
   -1.733292499   -0.165346982  123.463258952   11.091781896   12.357251848
   -1.624961717   -0.165346982  124.649252163   10.769488584   13.553092521
   -1.516630936   -0.165346982  125.728682959    8.913830885   14.694235028
   -1.408300155   -0.165346982  126.522207604    5.498738558   15.681110346
   -1.299969374   -0.165346982  126.865312701    0.708896922   16.438666135
   -1.191638593   -0.165346982  126.622822115   -5.121768076   16.893277949
   -1.083307812   -0.165346982  125.719480727  -11.429035617   17.026905153
   -0.974977030   -0.165346982  124.140614627  -17.542999713   16.788818968
   -0.866646249   -0.165346982  121.962999138  -22.738583813   16.209554439
   -0.758315468   -0.165346982  119.277572623  -26.696669097   15.321215256
   -0.649984687   -0.165346982  116.268458697  -28.674807864   14.155365346
   -0.541653906   -0.165346982  113.154190746  -28.363613337   12.773663028
   -0.433323125   -0.165346982  110.212322147  -25.500708903   11.212269541
   -0.324992343   -0.165346982  107.711972313  -20.242630857    9.516626819
   -0.216661562   -0.165346982  105.904116664  -12.706926369    7.710970280
   -0.108330781   -0.165346982  105.009300723   -3.405408051    5.808473196
    0.000000000   -0.165346982  105.191284296    6.910236390    3.828295643
    0.108330781   -0.165346982  106.495405167   17.363059539    1.773698966
    0.216661562   -0.165346982  108.883413241   26.753628454   -0.323311061
    0.324992343   -0.165346982  112.178680690   34.044988124   -2.451993139
    0.433323125   -0.165346982  116.094715580   38.219581250   -4.550338823
    0.541653906   -0.165346982  120.268559034   38.467706581   -6.567027920
    0.649984687   -0.165346982  124.235322153   34.404478031   -8.420071136
    0.758315468   -0.165346982  127.527249639   26.126959654  -10.035159050
    0.866646249   -0.165346982  129.720027835   14.163209673  -11.336060049
    0.974977030   -0.165346982  130.468184632   -0.538615354  -12.257213943
    1.083307812   -0.165346982  129.543055898  -16.477319174  -12.765067246
    1.191638593   -0.165346982  126.895034005  -32.343865602  -12.859004099
    1.299969374   -0.165346982  122.612827924  -46.517482058  -12.556602797
    1.408300155   -0.165346982  116.935870768  -57.742492675  -11.928791262
    1.516630936   -0.165346982  110.244112537  -65.155569367  -11.042225918
    1.624961717   -0.165346982  102.991840675  -68.242618359   -9.981235272
    1.733292499   -0.165346982   95.645180982  -66.873592070   -8.831044447
    1.841623280   -0.165346982   88.700014304  -61.141245613   -7.677168580
    1.949954061   -0.165346982   82.573162863  -51.854521281   -6.570433442
    2.058284842   -0.165346982   77.603388480  -39.699181039   -5.550323361
    2.166615623   -0.165346982   74.071245934  -25.613750056   -4.639833751
    2.274946404   -0.165346982   72.103365918  -10.690037988   -3.821034655
    2.383277185   -0.165346982   71.748906237    4.010019903   -3.087124778
    2.491607967   -0.165346982   72.931453557   17.566848898   -2.424526687
    2.599938748   -0.165346982   75.487894717   29.168334947   -1.787560587
    2.708269529   -0.165346982   79.164158396   38.235670483   -1.155865056
    2.816600310   -0.165346982   83.657111273   44.415304221   -0.505699739
    2.924931091   -0.165346982   88.661693161   47.637153472    0.184411329
    3.033261872   -0.165346982   93.846018590   47.833910757    0.899494113

   -3.141592654    0.165346982   99.625479621   49.950911356    8.580901269
   -3.033261872    0.165346982  104.791317761   44.878603700    9.360795731
   -2.924931091    0.165346982  109.315654957   38.362528002   10.051270155
   -2.816600310    0.165346982  113.090989035   31.104070080   10.642544660
   -2.708269529    0.165346982  116.067600307   23.861276125   11.153245316
   -2.599938748    0.165346982  118.299216594   17.412728945   11.610572393
   -2.491607967    0.165346982  119.916463488   12.416498919   12.047826514
   -2.383277185    0.165346982  121.088241154    9.213748010   12.507573023
   -2.274946404    0.165346982  122.005063718    7.847611366   13.022011436
   -2.166615623    0.165346982  122.866550716    8.120368749   13.628016307
   -2.058284842    0.165346982  123.838003666    9.596811309   14.334075478
   -1.949954061    0.165346982  124.990431433   11.557550502   15.122079548
   -1.841623280    0.165346982  126.338117916   13.231240265   15.960246097
   -1.733292499    0.165346982  127.806385881   13.828888444   16.780382271
   -1.624961717    0.165346982  129.265087205   12.878607408   17.513386833
   -1.516630936    0.165346982  130.521254502   10.066593394   18.070607854
   -1.408300155    0.165346982  131.374419638    5.358950146   18.375263340
   -1.299969374    0.165346982  131.619597972   -0.854369071   18.367013521
   -1.191638593    0.165346982  131.133653546   -8.103361165   18.008166983
   -1.083307812    0.165346982  129.834807841  -15.595483123   17.299406261
   -0.974977030    0.165346982  127.757770394  -22.610110713   16.253331201
   -0.866646249    0.165346982  124.992984747  -28.333001923   14.908821510
   -0.758315468    0.165346982  121.686101000  -32.426457638   13.328567906
   -0.649984687    0.165346982  118.064334873  -34.245788980   11.577075128
   -0.541653906    0.165346982  114.362434202  -33.642848568    9.719585097
   -0.433323125    0.165346982  110.864410707  -30.481487123    7.772207625
   -0.324992343    0.165346982  107.840599227  -24.957694402    5.790338410
   -0.216661562    0.165346982  105.530160395  -17.378404005    3.776149153
   -0.108330781    0.165346982  104.123716667   -8.290471535    1.749852115
    0.000000000    0.165346982  103.751411513    1.613843240   -0.293103346
    0.108330781    0.165346982  104.453170623   11.485735132   -2.325754137
    0.216661562    0.165346982  106.169502134   20.242347042   -4.336436898
    0.324992343    0.165346982  108.729277206   26.975260142   -6.297044878
    0.433323125    0.165346982  111.862170479   30.839312498   -8.155512252
    0.541653906    0.165346982  115.232050000   31.131478203   -9.839571072
    0.649984687    0.165346982  118.424679684   27.476834337  -11.293516153
    0.758315468    0.165346982  121.007013179   20.093720627  -12.449364810
    0.866646249    0.165346982  122.611272770    9.349970920  -13.244104154
    0.974977030    0.165346982  122.919146642   -3.809247633  -13.640064520
    1.083307812    0.165346982  121.731914514  -18.125653114  -13.619092560
    1.191638593    0.165346982  118.988338757  -32.385212228  -13.206535350
    1.299969374    0.165346982  114.779450380  -45.121434433  -12.441808688
    1.408300155    0.165346982  109.323707230  -55.127401776  -11.387793353
    1.516630936    0.165346982  102.970064237  -61.676852388  -10.121875208
    1.624961717    0.165346982   96.135849544  -64.083746996   -8.714981479
    1.733292499    0.165346982   89.260958719  -62.322608255   -7.233876729
    1.841623280    0.165346982   82.823082317  -56.395561121   -5.743144790
    1.949954061    0.165346982   77.219968745  -46.961004409   -4.271193045
    2.058284842    0.165346982   72.780066012  -34.795516100   -2.851618629
    2.166615623    0.165346982   69.782009349  -20.637857459   -1.482786809
    2.274946404    0.165346982   68.362700777   -5.667517559   -0.170885906
    2.383277185    0.165346982   68.549977478    9.143695629    1.095440992
    2.491607967    0.165346982   70.291937843   22.745077881    2.313490511
    2.599938748    0.165346982   73.414524000   34.430718993    3.490504725
    2.708269529    0.165346982   77.670995247   43.535879274    4.625847705
    2.816600310    0.165346982   82.728162756   49.722558402    5.710107827
    2.924931091    0.165346982   88.315164054   52.791294256    6.744152628
    3.033261872    0.165346982   94.042576312   52.737482334    7.698588746

   -3.141592654    0.496040945  101.451396298   49.778472520   12.579048517
   -3.033261872    0.496040945  106.576418595   44.309691047   13.488950779
   -2.924931091    0.496040945  111.011649064   37.413226945   14.245706347
   -2.816600310    0.496040945  114.672617117   30.062949865   14.850055253
   -2.708269529    0.496040945  117.542839376   22.942395281   15.317909984
   -2.599938748    0.496040945  119.693694568   16.885602926   15.668430464
   -2.491607967    0.496040945  121.282159574   12.459284076   15.915336201
   -2.383277185    0.496040945  122.493346994    9.970318656   16.101706014
   -2.274946404    0.496040945  123.534982665    9.406770663   16.254363361
   -2.166615623    0.496040945  124.616232416   10.511260360   16.406177186
   -2.058284842    0.496040945  125.876777947   12.640324697   16.558531931
   -1.949954061    0.496040945  127.388426485   15.070868682   16.707374285
   -1.841623280    0.496040945  129.126369979   16.902916460   16.829088806
   -1.733292499    0.496040945  130.993403325   17.386082173   16.878344178
   -1.624961717    0.496040945  132.812499827   15.962098131   16.814556951
   -1.516630936    0.496040945  134.359577208   12.397815313   16.578138931
   -1.408300155    0.496040945  135.416881225    6.699767903   16.138296629
   -1.299969374    0.496040945  135.751449249   -0.623998338   15.457078940
   -1.191638593    0.496040945  135.231612342   -8.936387819   14.521811205
   -1.083307812    0.496040945  133.787870837  -17.422152206   13.349003006
   -0.974977030    0.496040945  131.458198526  -25.288863848   11.968522411
   -0.866646249    0.496040945  128.361727798  -31.625737507   10.404040430
   -0.758315468    0.496040945  124.681138551  -36.099087272    8.728010180
   -0.649984687    0.496040945  120.658340399  -38.125316623    6.972532793
   -0.541653906    0.496040945  116.536344670  -37.548379467    5.175279847
   -0.433323125    0.496040945  112.614340144  -34.347044962    3.355234539
   -0.324992343    0.496040945  109.167492062  -28.787638604    1.540444674
   -0.216661562    0.496040945  106.432454770  -21.297816319   -0.256726755
   -0.108330781    0.496040945  104.593048768  -12.445138400   -2.034389636
    0.000000000    0.496040945  103.754634813   -2.888986719   -3.787114794
    0.108330781    0.496040945  103.946699768    6.451236906   -5.491436605
    0.216661562    0.496040945  105.084286986   14.649028902   -7.142521862
    0.324992343    0.496040945  107.007715584   20.772914816   -8.702506147
    0.433323125    0.496040945  109.441428503   24.167681434  -10.140325610
    0.541653906    0.496040945  112.071315584   24.228884241  -11.403365603
    0.649984687    0.496040945  114.518719437   20.744453863  -12.443197182
    0.758315468    0.496040945  116.403721938   13.950639167  -13.209669931
    0.866646249    0.496040945  117.396911573    4.240451553  -13.659782409
    0.974977030    0.496040945  117.223566016   -7.494312723  -13.771178391
    1.083307812    0.496040945  115.727690294  -20.089056473  -13.518036623
    1.191638593    0.496040945  112.876919074  -32.476640509  -12.926824743
    1.299969374    0.496040945  108.751827760  -43.362007028  -12.021058245
    1.408300155    0.496040945  103.581666297  -51.747148412  -10.852481958
    1.516630936    0.496040945   97.673444349  -56.906720259   -9.483124216
    1.624961717    0.496040945   91.405883636  -58.294720741   -7.961137220
    1.733292499    0.496040945   85.199734364  -55.868052874   -6.343722154
    1.841623280    0.496040945   79.474181323  -49.666663924   -4.685222382
    1.949954061    0.496040945   74.601380878  -40.191600903   -3.009888814
    2.058284842    0.496040945   70.885686945  -28.241964340   -1.358910374
    2.166615623    0.496040945   68.576523706  -14.484729724    0.268174839
    2.274946404    0.496040945   67.796098938   -0.020942153    1.858680627
    2.383277185    0.496040945   68.557652862   14.115859886    3.405513219
    2.491607967    0.496040945   70.803234693   27.054014115    4.908684451
    2.599938748    0.496040945   74.351785689   37.988811904    6.365012843
    2.708269529    0.496040945   78.953045621   46.301766015    7.771933660
    2.816600310    0.496040945   84.267522436   51.710957280    9.119378769
    2.924931091    0.496040945   90.020580135   54.024512353   10.373513718
    3.033261872    0.496040945   95.851334121   53.194028734   11.533376325

   -3.141592654    0.826734909  104.271774837   51.285694960   11.120188345
   -3.033261872    0.826734909  109.553012060   45.590544754   11.746776602
   -2.924931091    0.826734909  114.117056322   38.528674462   12.222514561
   -2.816600310    0.826734909  117.892287269   31.015906640   12.553940905
   -2.708269529    0.826734909  120.864357044   23.839944067   12.755860762
   -2.599938748    0.826734909  123.106515388   17.669868171   12.856110694
   -2.491607967    0.826734909  124.774957854   13.193327642   12.862465392
   -2.383277185    0.826734909  126.070659707   10.701108580   12.801659982
   -2.274946404    0.826734909  127.190555418   10.108367490   12.701849345
   -2.166615623    0.826734909  128.346450286   11.172557375   12.577032053
   -2.058284842    0.826734909  129.669863016   13.188859912   12.429622688
   -1.949954061    0.826734909  131.234296569   15.413453862   12.254764427
   -1.841623280    0.826734909  132.988853835   16.899093178   12.035265149
   -1.733292499    0.826734909  134.839242714   16.967777238   11.745610685
   -1.624961717    0.826734909  136.586753347   15.020854943   11.355655141
   -1.516630936    0.826734909  138.005272869   10.894521306   10.841182755
   -1.408300155    0.826734909  138.867242092    4.716289784   10.180756111
   -1.299969374    0.826734909  138.960983431   -3.045264731    9.362026332
   -1.191638593    0.826734909  138.159390960  -11.649327389    8.388041525
   -1.083307812    0.826734909  136.417379181  -20.369518253    7.264558256
   -0.974977030    0.826734909  133.763672270  -28.286280823    6.019089070
   -0.866646249    0.826734909  130.348551480  -34.611001406    4.666859322
   -0.758315468    0.826734909  126.352162412  -38.986658354    3.248510699
   -0.649984687    0.826734909  122.011971105  -40.970975044    1.793998743
   -0.541653906    0.826734909  117.579507695  -40.449896584    0.321575306
   -0.433323125    0.826734909  113.342316184  -37.453683971   -1.152361133
   -0.324992343    0.826734909  109.536059990  -32.122238656   -2.628048196
   -0.216661562    0.826734909  106.423077614  -25.074331629   -4.068446108
   -0.108330781    0.826734909  104.149336791  -16.712353473   -5.484943395
    0.000000000    0.826734909  102.819368927   -7.711242217   -6.862662199
    0.108330781    0.826734909  102.454221370    1.054859653   -8.188208122
    0.216661562    0.826734909  102.982566553    8.782577750   -9.453160046
    0.324992343    0.826734909  104.254106096   14.635180952  -10.625406477
    0.433323125    0.826734909  106.028169887   18.059470938  -11.687736833
    0.541653906    0.826734909  108.007832386   18.512590288  -12.602639056
    0.649984687    0.826734909  109.873641050   15.741434378  -13.330977834
    0.758315468    0.826734909  111.270661674    9.993737593  -13.835400955
    0.866646249    0.826734909  111.911952384    1.674126392  -14.083283755
    0.974977030    0.826734909  111.544507015   -8.498238989  -14.049810443
    1.083307812    0.826734909  110.020465829  -19.525223612  -13.719174262
    1.191638593    0.826734909  107.318056507  -30.393053804  -13.096233178
    1.299969374    0.826734909  103.490164702  -39.903431625  -12.192735293
    1.408300155    0.826734909   98.751873628  -47.210541438  -11.053297059
    1.516630936    0.826734909   93.387768070  -51.538915041   -9.716243362
    1.624961717    0.826734909   87.726296474  -52.396313428   -8.228477404
    1.733292499    0.826734909   82.188167846  -49.636631662   -6.625529997
    1.841623280    0.826734909   77.135613775  -43.413491743   -4.970464884
    1.949954061    0.826734909   72.926798859  -34.097834019   -3.292398379
    2.058284842    0.826734909   69.864995121  -22.406527137   -1.625012933
    2.166615623    0.826734909   68.160346551   -9.027554650    0.016676231
    2.274946404    0.826734909   67.946465001    4.968755929    1.606270977
    2.383277185    0.826734909   69.225957895   18.628139753    3.132978935
    2.491607967    0.826734909   71.927574925   31.030049336    4.583863047
    2.599938748    0.826734909   75.879653047   41.416414824    5.948653822
    2.708269529    0.826734909   80.829646176   49.290707570    7.221101763
    2.816600310    0.826734909   86.446775283   54.247139623    8.397832045
    2.924931091    0.826734909   92.453006858   56.131356674    9.440129659
    3.033261872    0.826734909   98.491111926   55.043002075   10.355734876

   -3.141592654    1.157428872  106.788270343   51.124320514    9.234685107
   -3.033261872    1.157428872  112.019251264   44.890136301    9.531868299
   -2.924931091    1.157428872  116.482700167   37.392237045    9.683920952
   -2.816600310    1.157428872  120.109206070   29.498105216    9.704261194
   -2.708269529    1.157428872  122.911620000   22.097778993    9.598603985
   -2.599938748    1.157428872  124.955328838   15.798121995    9.405270081
   -2.491607967    1.157428872  126.412791594   11.203710649    9.132302559
   -2.383277185    1.157428872  127.486385745    8.605221944    8.796636122
   -2.274946404    1.157428872  128.381334997    7.995019672    8.415418093
   -2.166615623    1.157428872  129.306240340    9.024833433    7.995900828
   -2.058284842    1.157428872  130.391437111   11.014899141    7.547069962
   -1.949954061    1.157428872  131.726237365   13.324220485    7.057973262
   -1.841623280    1.157428872  133.266631655   14.966239056    6.520734829
   -1.733292499    1.157428872  134.920776755   15.332257718    5.931753603
   -1.624961717    1.157428872  136.509931271   13.746225413    5.274413250
   -1.516630936    1.157428872  137.815309535   10.084137798    4.546644384
   -1.408300155    1.157428872  138.605197029    4.396525687    3.744746094
   -1.299969374    1.157428872  138.695110305   -2.958139233    2.871377176
   -1.191638593    1.157428872  137.918688734  -11.256930688    1.939053436
   -1.083307812    1.157428872  136.228647485  -19.748914853    0.947740587
   -0.974977030    1.157428872  133.644180175  -27.728531126   -0.084537052
   -0.866646249    1.157428872  130.274499468  -34.276708941   -1.151238228
   -0.758315468    1.157428872  126.303787550  -38.994520323   -2.242183612
   -0.649984687    1.157428872  121.921116927  -41.593639088   -3.337942869
   -0.541653906    1.157428872  117.391059944  -41.822687029   -4.445522514
   -0.433323125    1.157428872  112.953921253  -39.730569452   -5.544846284
   -0.324992343    1.157428872  108.859381202  -35.399821195   -6.639167917
   -0.216661562    1.157428872  105.331061259  -29.309084368   -7.715381553
   -0.108330781    1.157428872  102.550273935  -21.871443843   -8.761567754
    0.000000000    1.157428872  100.620262648  -13.655896284   -9.769557831
    0.108330781    1.157428872   99.580372039   -5.333922843  -10.729263422
    0.216661562    1.157428872   99.408123870    2.248769125  -11.619186054
    0.324992343    1.157428872   99.978077865    8.360529631  -12.421316868
    0.433323125    1.157428872  101.106402233   12.453889309  -13.108007200
    0.541653906    1.157428872  102.533980995   13.955985158  -13.658909181
    0.649984687    1.157428872  103.981944902   12.556041417  -14.041630861
    0.758315468    1.157428872  105.120834957    8.350216541  -14.227138763
    0.866646249    1.157428872  105.662992692    1.627548487  -14.196816499
    0.974977030    1.157428872  105.382241909   -6.973721685  -13.925685242
    1.083307812    1.157428872  104.100105240  -16.595929248  -13.411311933
    1.191638593    1.157428872  101.779317345  -26.301284905  -12.657360887
    1.299969374    1.157428872   98.442294709  -34.931471865  -11.674246545
    1.408300155    1.157428872   94.275348666  -41.647281100  -10.502997193
    1.516630936    1.157428872   89.536594015  -45.609742229   -9.167227411
    1.624961717    1.157428872   84.534537574  -46.327848020   -7.721245748
    1.733292499    1.157428872   79.652582756  -43.555042156   -6.183508187
    1.841623280    1.157428872   75.253545953  -37.481025273   -4.603726868
    1.949954061    1.157428872   71.667801268  -28.419432734   -3.022290299
    2.058284842    1.157428872   69.206014524  -17.011342017   -1.452589538
    2.166615623    1.157428872   68.063922823   -3.979875573    0.077649015
    2.274946404    1.157428872   68.375021201    9.590345979    1.541487184
    2.383277185    1.157428872   70.136953202   22.816251208    2.931920894
    2.491607967    1.157428872   73.268220209   34.708686951    4.225627840
    2.599938748    1.157428872   77.594294969   44.562575552    5.409254501
    2.708269529    1.157428872   82.833854557   51.854871683    6.470048579
    2.816600310    1.157428872   88.697535745   56.080417535    7.396470006
    2.924931091    1.157428872   94.863906329   57.274002282    8.169873601
    3.033261872    1.157428872  100.984344419   55.544044231    8.785171840

   -3.141592654    1.488122836  110.050375725   52.290445602    6.952790138
   -3.033261872    1.488122836  115.371196086   45.393375638    6.936257637
   -2.924931091    1.488122836  119.852790570   37.201806191    6.792615598
   -2.816600310    1.488122836  123.426828011   28.660676237    6.530073529
   -2.708269529    1.488122836  126.099641334   20.651847580    6.169278512
   -2.599938748    1.488122836  127.958272623   13.783876750    5.725896977
   -2.491607967    1.488122836  129.166657081    8.670667212    5.223282296
   -2.383277185    1.488122836  129.943438469    5.711091021    4.655695299
   -2.274946404    1.488122836  130.511127757    4.811211241    4.040377533
   -2.166615623    1.488122836  131.081888934    5.694668743    3.371440663
   -2.058284842    1.488122836  131.799563102    7.612314628    2.655188007
   -1.949954061    1.488122836  132.762646620    9.949896612    1.888192920
   -1.841623280    1.488122836  133.946478453   11.756011084    1.060349099
   -1.733292499    1.488122836  135.264562731   12.321714942    0.185455582
   -1.624961717    1.488122836  136.543760582   11.090775076   -0.729631684
   -1.516630936    1.488122836  137.581441050    7.839464342   -1.668000199
   -1.408300155    1.488122836  138.158396621    2.618573808   -2.605538927
   -1.299969374    1.488122836  138.081980083   -4.219969394   -3.529517981
   -1.191638593    1.488122836  137.200848282  -12.081060057   -4.418947433
   -1.083307812    1.488122836  135.441658576  -20.314836847   -5.262395596
   -0.974977030    1.488122836  132.799213052  -28.210751431   -6.062143626
   -0.866646249    1.488122836  129.365854780  -35.048077914   -6.808547690
   -0.758315468    1.488122836  125.276806981  -40.262902975   -7.518813623
   -0.649984687    1.488122836  120.719989207  -43.647292476   -8.171787933
   -0.541653906    1.488122836  115.912152281  -44.881485302   -8.799654346
   -0.433323125    1.488122836  111.083707000  -43.838182193   -9.388056902
   -0.324992343    1.488122836  106.489795020  -40.505330266   -9.948340976
   -0.216661562    1.488122836  102.371294211  -35.132322553  -10.481020577
   -0.108330781    1.488122836   98.935238497  -28.097925667  -10.983713382
    0.000000000    1.488122836   96.326576302  -19.848471851  -11.458682339
    0.108330781    1.488122836   94.639827343  -11.050335869  -11.907032980
    0.216661562    1.488122836   93.893411734   -2.620744835  -12.322457217
    0.324992343    1.488122836   93.999769549    4.710633753  -12.699545587
    0.433323125    1.488122836   94.801040086   10.162865170  -13.017171315
    0.541653906    1.488122836   96.060573500   13.049807182  -13.265554422
    0.649984687    1.488122836   97.482235875   13.051861255  -13.411466658
    0.758315468    1.488122836   98.743960211   10.055948236  -13.424082893
    0.866646249    1.488122836   99.530184947    4.393259941  -13.275881109
    0.974977030    1.488122836   99.597911037   -3.342830148  -12.936148894
    1.083307812    1.488122836   98.751549535  -12.318165606  -12.396139546
    1.191638593    1.488122836   96.912769961  -21.476070962  -11.642315077
    1.299969374    1.488122836   94.117465871  -29.807550149  -10.688934386
    1.408300155    1.488122836   90.518579290  -36.339589247   -9.568502155
    1.516630936    1.488122836   86.354366645  -40.222425738   -8.308004748
    1.624961717    1.488122836   81.950003284  -40.843495685   -6.940363691
    1.733292499    1.488122836   77.638844874  -38.246531396   -5.514173448
    1.841623280    1.488122836   73.809641572  -32.275966269   -4.053140917
    1.949954061    1.488122836   70.781661481  -23.383809751   -2.612511915
    2.058284842    1.488122836   68.858674937  -12.158014325   -1.195690759
    2.166615623    1.488122836   68.226075715    0.590673618    0.157756382
    2.274946404    1.488122836   69.016755540   13.949858714    1.428190364
    2.383277185    1.488122836   71.243089998   26.895466517    2.608961237
    2.491607967    1.488122836   74.804391737   38.511814689    3.674588299
    2.599938748    1.488122836   79.528603132   48.088002365    4.607615549
    2.708269529    1.488122836   85.125357619   55.033854444    5.404585042
    2.816600310    1.488122836   91.312288935   58.847914088    6.041925212
    2.924931091    1.488122836   97.750710370   59.570329818    6.511421366
    3.033261872    1.488122836  104.094358463   57.239285948    6.812836628

   -3.141592654    1.818816799  112.342128811   51.173375747    3.971809325
   -3.033261872    1.818816799  117.504379014   43.792817347    3.644454223
   -2.924931091    1.818816799  121.801727091   35.329804927    3.210540484
   -2.816600310    1.818816799  125.161682388   26.615819471    2.692221285
   -2.708269529    1.818816799  127.617250024   18.675921580    2.105359165
   -2.599938748    1.818816799  129.266636251   11.972942990    1.468880958
   -2.491607967    1.818816799  130.292350009    7.113446946    0.794736417
   -2.383277185    1.818816799  130.917611744    4.449605985    0.071069253
   -2.274946404    1.818816799  131.368749531    3.862989776   -0.701100690
   -2.166615623    1.818816799  131.853552060    5.029837938   -1.527843134
   -2.058284842    1.818816799  132.515021613    7.243074657   -2.418138606
   -1.949954061    1.818816799  133.448866115    9.780707284   -3.375352912
   -1.841623280    1.818816799  134.626219710   11.746444985   -4.401822023
   -1.733292499    1.818816799  135.951755209   12.442962312   -5.471664578
   -1.624961717    1.818816799  137.248302455   11.254602399   -6.563732528
   -1.516630936    1.818816799  138.304709341    7.971300123   -7.636267892
   -1.408300155    1.818816799  138.888871881    2.645980513   -8.655490604
   -1.299969374    1.818816799  138.800715185   -4.391832852   -9.577017121
   -1.191638593    1.818816799  137.883916358  -12.575494818  -10.385179552
   -1.083307812    1.818816799  136.045663413  -21.235897659  -11.053863528
   -0.974977030    1.818816799  133.281396907  -29.600823904  -11.582717372
   -0.866646249    1.818816799  129.661809552  -36.958052552  -11.971995092
   -0.758315468    1.818816799  125.346157849  -42.736414270  -12.235289881
   -0.649984687    1.818816799  120.500851916  -46.547626001  -12.379158154
   -0.541653906    1.818816799  115.351009182  -48.191690384  -12.424462904
   -0.433323125    1.818816799  110.151382544  -47.418446545  -12.386715141
   -0.324992343    1.818816799  105.151983928  -44.304193294  -12.278755938
   -0.216661562    1.818816799  100.620675881  -38.945524650  -12.129115353
   -0.108330781    1.818816799   96.777780281  -31.803735089  -11.934479818
    0.000000000    1.818816799   93.780439497  -23.314695757  -11.719658735
    0.108330781    1.818816799   91.729762558  -14.149072529  -11.490637090
    0.216661562    1.818816799   90.680914957   -5.248867168  -11.257003897
    0.324992343    1.818816799   90.532826122    2.664694796  -11.015791561
    0.433323125    1.818816799   91.145660564    8.718753976  -10.759317645
    0.541653906    1.818816799   92.281436129   12.251927458  -10.488824200
    0.649984687    1.818816799   93.649822626   12.895890478  -10.190962560
    0.758315468    1.818816799   94.922034023   10.562135710   -9.841420720
    0.866646249    1.818816799   95.796099976    5.487638502   -9.437711162
    0.974977030    1.818816799   96.010961024   -1.711692017   -8.962702465
    1.083307812    1.818816799   95.373754188  -10.213748715   -8.413215382
    1.191638593    1.818816799   93.783419712  -18.907356725   -7.771185744
    1.299969374    1.818816799   91.293840968  -26.832808773   -7.050281790
    1.408300155    1.818816799   88.032685749  -33.055991936   -6.255416891
    1.516630936    1.818816799   84.237668740  -36.689572631   -5.393853594
    1.624961717    1.818816799   80.234451791  -37.111127377   -4.479106966
    1.733292499    1.818816799   76.339646212  -34.304408606   -3.517816916
    1.841623280    1.818816799   72.929893536  -28.300168169   -2.531261156
    1.949954061    1.818816799   70.341509443  -19.312708937   -1.539080546
    2.058284842    1.818816799   68.853974283   -8.113128091   -0.555794944
    2.166615623    1.818816799   68.665469632    4.585669274    0.391428407
    2.274946404    1.818816799   69.878483773   17.743152249    1.285473106
    2.383277185    1.818816799   72.496659959   30.407136382    2.095363013
    2.491607967    1.818816799   76.418308700   41.571602045    2.801287759
    2.599938748    1.818816799   81.445080793   50.592124481    3.379041465
    2.708269529    1.818816799   87.273657396   56.832317672    3.820885786
    2.816600310    1.818816799   93.619028987   59.930936903    4.098242724
    2.924931091    1.818816799  100.129813166   59.860740336    4.214802423
    3.033261872    1.818816799  106.468102539   56.735657867    4.165512088

   -3.141592654    2.149510763  116.301675258   52.280295241    0.798928310
   -3.033261872    2.149510763  121.558215658   44.485140910    0.167689151
   -2.924931091    2.149510763  125.912730742   35.558223516   -0.531100492
   -2.816600310    2.149510763  129.264819482   26.251230160   -1.269050569
   -2.708269529    2.149510763  131.640482920   17.541831487   -2.034638034
   -2.599938748    2.149510763  133.129275100   10.009606953   -2.824451011
   -2.491607967    2.149510763  133.897286229    4.277189338   -3.632265349
   -2.383277185    2.149510763  134.152393905    0.637435441   -4.471196741
   -2.274946404    2.149510763  134.147215440   -0.825622159   -5.365643731
   -2.166615623    2.149510763  134.083367848   -0.426430969   -6.320197433
   -2.058284842    2.149510763  134.123226547    1.271836151   -7.348597419
   -1.949954061    2.149510763  134.388667312    3.520358742   -8.447362167
   -1.841623280    2.149510763  134.886699351    5.536521253   -9.597649569
   -1.733292499    2.149510763  135.551387303    6.530294386  -10.775093972
   -1.624961717    2.149510763  136.246301929    5.979401424  -11.923708713
   -1.516630936    2.149510763  136.772392767    3.531343593  -12.981318336
   -1.408300155    2.149510763  136.922696791   -0.903608655  -13.892333625
   -1.299969374    2.149510763  136.499245107   -7.098199949  -14.599833204
   -1.191638593    2.149510763  135.324915046  -14.595514750  -15.058838397
   -1.083307812    2.149510763  133.294773322  -22.825314870  -15.249941642
   -0.974977030    2.149510763  130.374481819  -30.957733170  -15.172098326
   -0.866646249    2.149510763  126.607226180  -38.382809582  -14.846506255
   -0.758315468    2.149510763  122.123256753  -44.274744020  -14.294660134
   -0.649984687    2.149510763  117.088403060  -48.397454297  -13.590714801
   -0.541653906    2.149510763  111.728395692  -50.186777076  -12.758048909
   -0.433323125    2.149510763  106.311420448  -49.367295004  -11.853650403
   -0.324992343    2.149510763  101.113857655  -46.019366774  -10.939505415
   -0.216661562    2.149510763   96.420752481  -40.205582677  -10.039147766
   -0.108330781    2.149510763   92.473303475  -32.399178559   -9.182197830
    0.000000000    2.149510763   89.453849080  -23.124158912   -8.375117606
    0.108330781    2.149510763   87.464592713  -13.178686898   -7.615231866
    0.216661562    2.149510763   86.561367348   -3.544373627   -6.897021769
    0.324992343    2.149510763   86.638350492    4.976131792   -6.199664844
    0.433323125    2.149510763   87.523823562   11.512794720   -5.500925492
    0.541653906    2.149510763   88.978156459   15.343617572   -4.804646194
    0.649984687    2.149510763   90.684794154   16.166894121   -4.103928481
    0.758315468    2.149510763   92.321678154   13.920484903   -3.411671897
    0.866646249    2.149510763   93.563634374    8.870784687   -2.743692118
    0.974977030    2.149510763   94.144659029    1.680197420   -2.121522593
    1.083307812    2.149510763   93.875430649   -6.804735096   -1.558944195
    1.191638593    2.149510763   92.651204162  -15.502054406   -1.067005428
    1.299969374    2.149510763   90.528732022  -23.484003035   -0.666856547
    1.408300155    2.149510763   87.628192513  -29.737911317   -0.333496366
    1.516630936    2.149510763   84.184645158  -33.464041647   -0.065206079
    1.624961717    2.149510763   80.531996679  -33.952662449    0.174437781
    1.733292499    2.149510763   76.983181302  -31.207866319    0.406025732
    1.841623280    2.149510763   73.894604844  -25.356935963    0.648194119
    1.949954061    2.149510763   71.625935221  -16.457401809    0.911003840
    2.058284842    2.149510763   70.446983722   -5.330407038    1.195627952
    2.166615623    2.149510763   70.557475995    7.271690565    1.484678503
    2.274946404    2.149510763   72.059413940   20.366971910    1.771166014
    2.383277185    2.149510763   74.960851744   32.958989276    2.011564498
    2.491607967    2.149510763   79.149052587   44.034231400    2.193238236
    2.599938748    2.149510763   84.427458028   52.918304004    2.279144948
    2.708269529    2.149510763   90.504494229   59.003353310    2.248058038
    2.816600310    2.149510763   97.073566385   61.882074492    2.078768536
    2.924931091    2.149510763  103.779101379   61.601191204    1.776504934
    3.033261872    2.149510763  110.291430814   58.194262593    1.342596708

   -3.141592654    2.480204727  123.497799676   49.979306230    0.035636367
   -3.033261872    2.480204727  128.425352350   40.799508105   -0.702715649
   -2.924931091    2.480204727  132.318051150   30.698985200   -1.526856346
   -2.816600310    2.480204727  135.095403693   20.512730561   -2.404944009
   -2.708269529    2.480204727  136.818031759   11.246338990   -3.340572510
   -2.599938748    2.480204727  137.607034275    3.474746275   -4.321549512
   -2.491607967    2.480204727  137.671448969   -2.217118777   -5.343080471
   -2.383277185    2.480204727  137.230232888   -5.699673978   -6.413799549
   -2.274946404    2.480204727  136.555066875   -6.865734412   -7.549577373
   -2.166615623    2.480204727  135.855907934   -6.125626611   -8.735050982
   -2.058284842    2.480204727  135.292214103   -4.118307512   -9.973081345
   -1.949954061    2.480204727  134.996337774   -1.531557273  -11.247310235
   -1.841623280    2.480204727  134.959122163    0.797438861  -12.511618928
   -1.733292499    2.480204727  135.128187044    2.138629567  -13.727184099
   -1.624961717    2.480204727  135.368537111    1.959681358  -14.818726627
   -1.516630936    2.480204727  135.475194242   -0.122114400  -15.710196154
   -1.408300155    2.480204727  135.253695280   -4.164308966  -16.343122763
   -1.299969374    2.480204727  134.491609031  -10.000809460  -16.660059701
   -1.191638593    2.480204727  133.016974121  -17.254614078  -16.631746423
   -1.083307812    2.480204727  130.702097694  -25.351564098  -16.270587251
   -0.974977030    2.480204727  127.508065647  -33.415975692  -15.593163804
   -0.866646249    2.480204727  123.474281794  -40.833236293  -14.663357217
   -0.758315468    2.480204727  118.734631673  -46.594903135  -13.526986222
   -0.649984687    2.480204727  113.468415218  -50.405747289  -12.293386910
   -0.541653906    2.480204727  107.926682489  -51.658696267  -11.015304817
   -0.433323125    2.480204727  102.380358166  -50.140321298   -9.751406844
   -0.324992343    2.480204727   97.157841586  -45.854655048   -8.549635517
   -0.216661562    2.480204727   92.536603790  -38.916121371   -7.430915781
   -0.108330781    2.480204727   88.789280111  -29.876144842   -6.395671407
    0.000000000    2.480204727   86.110182417  -19.332540370   -5.423898512
    0.108330781    2.480204727   84.604020718   -8.194661110   -4.501787348
    0.216661562    2.480204727   84.296676267    2.594190240   -3.586782534
    0.324992343    2.480204727   85.095631801   12.103028297   -2.658271037
    0.433323125    2.480204727   86.803822790   19.482537651   -1.689939712
    0.541653906    2.480204727   89.154409408   23.887105179   -0.689917809
    0.649984687    2.480204727   91.807340462   25.007268893    0.331375426
    0.758315468    2.480204727   94.399878463   22.645535889    1.335077403
    0.866646249    2.480204727   96.562028853   17.121843317    2.284966115
    0.974977030    2.480204727   97.995403464    8.978992011    3.129289363
    1.083307812    2.480204727   98.446428687   -0.722711694    3.818743428
    1.191638593    2.480204727   97.797123613  -10.964480217    4.326689525
    1.299969374    2.480204727   96.080376655  -20.567871874    4.634465579
    1.408300155    2.480204727   93.419082596  -28.349582696    4.748761069
    1.516630936    2.480204727   90.065097394  -33.324576531    4.688923061
    1.624961717    2.480204727   86.367887784  -34.710871681    4.498839304
    1.733292499    2.480204727   82.728955668  -32.298345972    4.223855044
    1.841623280    2.480204727   79.526623102  -26.306380188    3.915881469
    1.949954061    2.480204727   77.172132200  -16.940443625    3.602699257
    2.058284842    2.480204727   75.983186750   -5.015931031    3.317559626
    2.166615623    2.480204727   76.178721047    8.520586858    3.074130786
    2.274946404    2.480204727   77.863676128   22.474390210    2.871372183
    2.383277185    2.480204727   81.031485377   35.713820652    2.684311504
    2.491607967    2.480204727   85.541301069   47.128744541    2.501425538
    2.599938748    2.480204727   91.155082826   55.955836493    2.295084392
    2.708269529    2.480204727   97.540362807   61.547644172    2.018788484
    2.816600310    2.480204727  104.339745282   63.571790509    1.675646354
    2.924931091    2.480204727  111.169365228   62.092517417    1.226289605
    3.033261872    2.480204727  117.662422622   57.299140817    0.683289550

   -3.141592654    2.810898690  124.971143029   48.006670329    1.965216576
   -3.033261872    2.810898690  129.681979189   38.834599887    0.751469746
   -2.924931091    2.810898690  133.362517034   28.833006509   -0.598885848
   -2.816600310    2.810898690  135.949052355   18.873581410   -2.043211610
   -2.708269529    2.810898690  137.503856048    9.856644940   -3.533362239
   -2.599938748    2.810898690  138.159599333    2.407325326   -5.030300450
   -2.491607967    2.810898690  138.116835023   -3.024304810   -6.504314272
   -2.383277185    2.810898690  137.598100992   -6.350194299   -7.943412842
   -2.274946404    2.810898690  136.845479857   -7.590918284   -9.327079194
   -2.166615623    2.810898690  136.057916433   -7.177908001  -10.673341932
   -2.058284842    2.810898690  135.349166631   -5.872302559  -11.964075570
   -1.949954061    2.810898690  134.805739424   -4.356154827  -13.175074857
   -1.841623280    2.810898690  134.392319101   -3.437255095  -14.280593543
   -1.733292499    2.810898690  134.015312211   -3.663309546  -15.228476400
   -1.624961717    2.810898690  133.540800755   -5.400631092  -15.955208460
   -1.516630936    2.810898690  132.773249390   -8.772371716  -16.410580535
   -1.408300155    2.810898690  131.565028112  -13.663572790  -16.528109288
   -1.299969374    2.810898690  129.756484409  -19.678537363  -16.290155467
   -1.191638593    2.810898690  127.257966755  -26.377075018  -15.687585074
   -1.083307812    2.810898690  124.023007377  -33.119550044  -14.749460383
   -0.974977030    2.810898690  120.090549569  -39.134160555  -13.541665912
   -0.866646249    2.810898690  115.585639778  -43.960623908  -12.140436865
   -0.758315468    2.810898690  110.643519997  -47.028277955  -10.634075775
   -0.649984687    2.810898690  105.480660988  -48.074845387   -9.106073544
   -0.541653906    2.810898690  100.326969680  -46.915656436   -7.620317703
   -0.433323125    2.810898690   95.394970096  -43.484020212   -6.244158833
   -0.324992343    2.810898690   90.974715413  -37.834116266   -4.977410166
   -0.216661562    2.810898690   87.277339971  -30.079335886   -3.828065192
   -0.108330781    2.810898690   84.512554530  -20.679481060   -2.757897301
    0.000000000    2.810898690   82.820318164  -10.207299623   -1.730641025
    0.108330781    2.810898690   82.289938912    0.682955538   -0.702532561
    0.216661562    2.810898690   82.924601430   11.095527691    0.381760638
    0.324992343    2.810898690   84.618008622   20.220125591    1.549232411
    0.433323125    2.810898690   87.181294184   27.093737368    2.806018144
    0.541653906    2.810898690   90.323256393   30.934046685    4.134839664
    0.649984687    2.810898690   93.699319963   31.367379265    5.492905044
    0.758315468    2.810898690   96.935636387   28.099345142    6.814763298
    0.866646249    2.810898690   99.641091450   21.563728632    8.027518597
    0.974977030    2.810898690  101.497614432   12.287344554    9.053050888
    1.083307812    2.810898690  102.245856927    1.400742146    9.832211959
    1.191638593    2.810898690  101.771539250  -10.011202319   10.316375176
    1.299969374    2.810898690  100.102789046  -20.617936752   10.490512286
    1.408300155    2.810898690   97.386777078  -29.182561994   10.368419849
    1.516630936    2.810898690   93.911743295  -34.696935139   10.011957210
    1.624961717    2.810898690   90.047384130  -36.378482311    9.465417472
    1.733292499    2.810898690   86.225913061  -34.013777428    8.818464691
    1.841623280    2.810898690   82.842047484  -27.922742429    8.145461919
    1.949954061    2.810898690   80.316228476  -18.444037871    7.506073684
    2.058284842    2.810898690   78.972774448   -6.339308264    6.938563886
    2.166615623    2.810898690   79.029386593    7.350222109    6.492160655
    2.274946404    2.810898690   80.599145015   21.418805927    6.136632705
    2.383277185    2.810898690   83.651447194   34.653955922    5.862132134
    2.491607967    2.810898690   88.045465115   46.012437321    5.617196481
    2.599938748    2.810898690   93.531860018   54.727802357    5.354872542
    2.708269529    2.810898690   99.777216990   60.107953478    5.000283862
    2.816600310    2.810898690  106.401129858   61.999582285    4.515952033
    2.924931091    2.810898690  113.055743787   60.230365879    3.861413909
    3.033261872    2.810898690  119.343184572   55.414539274    3.002546130
