   0.0273582419
   0.0285197241
   0.0215032200
   0.0309194910
   0.0090377514
   0.0087600583
   0.0113370835
   0.0096336727
   0.0247678023
   0.0140470117
   0.0287675444
   0.0184045297
   0.0113874643
  -0.0092234125
  -0.0214740832
  -0.0172799823
  -0.0332869969
  -0.0202679589
  -0.0322804291
  -0.0330160868
  -0.0047010037
  -0.0347125940
  -0.0184395656
  -0.0096136912
  -0.0256224233
  -0.0167428676
  -0.0126395052
   0.0041596821
   0.0055491905
   0.0187308682
   0.0026792890
   0.0098642207
  -0.0021290090
   0.0019327268
   0.0023674402
   0.0165119656
   0.0055204626
   0.0076231222
   0.0091784240
   0.0014464989
   0.0053340556
  -0.0014211155
  -0.0046768982
   0.0148496512
   0.0047850386
  -0.0024843418
   0.0074848353
  -0.0250656281
  -0.0289538715
  -0.0401545940
  -0.0339715693
  -0.0423234025
  -0.0465372564
  -0.0387635597
  -0.0414447996
  -0.0473449714
  -0.0462084304
  -0.0406295056
  -0.0457269471
  -0.0400902054
  -0.0230354157
  -0.0376424961
  -0.0325172151
  -0.0205967123
   0.0012288743
  -0.0006009817
   0.0132631393
   0.0008629185
   0.0032647836
   0.0196518113
   0.0036999530
   0.0057214360
   0.0166167901
  -0.0034274078
   0.0196452719
  -0.0007898935
   0.0095363943
  -0.0290428231
  -0.0378147440
  -0.0465424122
  -0.0367737934
  -0.0513529998
  -0.0537283047
  -0.0496028041
  -0.0448593587
  -0.0541965122
  -0.0553003693
  -0.0528318622
  -0.0399807899
  -0.0497963633
  -0.0526076959
  -0.0477410841
  -0.0346515851
  -0.0434487047
  -0.0305439716
  -0.0223354343
   0.0039858850
   0.0032447053
   0.0134689057
   0.0029805216
   0.0026667500
   0.0046964812
   0.0096030834
   0.0003450853
   0.0094528645
   0.0119499546
   0.0030172578
   0.0035384863
  -0.0022188731
  -0.0017547895
   0.0041822464
   0.0056192635
   0.0035839482
  -0.0377861194
   0.0028862313
  -0.0009107560
  -0.0029316126
   0.0296321623
   0.0353460720
   0.0315860949
   0.0303143612
   0.0496708286
   0.0366966997
   0.0320575904
   0.0300975291
   0.0375125384
   0.0306968122
   0.0375755164
   0.0222349597
   0.0029034393
   0.0273790721
   0.0205643435
   0.0096146422
  -0.0083658567
  -0.0027074887
   0.0232984413
   0.0175350891
   0.0119900951
   0.0179804437
   0.0246356919
   0.0200705636
   0.0183786397
   0.0222567103
   0.0151045358
   0.0073450596
   0.0165113022
   0.0227036030
   0.0258387533
   0.0198293463
   0.0069745920
  -0.0187859971
   0.0049546927
   0.0365651983
   0.0256241859
   0.0440408395
   0.0252184202
   0.0360317453
   0.0441769910
   0.0260132837
   0.0365669862
   0.0371270762
   0.0272463799
  -0.0098748267
   0.0021401469
   0.0102879281
   0.0048037464
  -0.0171093755
   0.0101894810
   0.0046896695
  -0.0190248604
   0.0013051307
   0.0056933863
   0.0055339405
   0.0024579193
  -0.0032039321
   0.0063597499
   0.0070859483
  -0.0148268971
   0.0022402242
   0.0083092288
   0.0081486580
  -0.0238276817
   0.0009402747
  -0.0248590409
  -0.0003567540
  -0.0260620828
  -0.0097446561
   0.0033752501
   0.0085898726
   0.0052401279
   0.0041391828
   0.0010290181
   0.0073273562
   0.0067059884
   0.0065055964
   0.0026716162
   0.0008662013
   0.0022245347
   0.0026617755
  -0.0041301315
   0.0009253143
   0.0031148104
   0.0033642745
  -0.0026837243
  -0.0186904389
  -0.0066308218
  -0.0377528659
   0.0043809157
  -0.0055922868
  -0.0330491125
   0.0022451487
   0.0034161816
  -0.0019565449
  -0.0188278853
   0.0009434391
   0.0018296043
   0.0026293215
  -0.0050511129
   0.0014791013
   0.0023070561
  -0.0212076310
  -0.0041863186
  -0.0229429067
  -0.0013916694
   0.0043544310
  -0.0265224104
  -0.0023698277
   0.0036747695
  -0.0067855522
   0.0224303502
   0.0247173397
   0.0321585817
   0.0233256399
   0.0177178348
   0.0238018531
   0.0252124534
   0.0086710857
   0.0075054728
   0.0108549070
   0.0074870845
   0.0189047311
   0.0102924643
   0.0335045217
   0.0141920858
   0.0219535218
   0.0134162904
   0.0090314682
  -0.0054162776
  -0.0132941770
  -0.0103037007
  -0.0210396003
  -0.0128774666
  -0.0233772615
  -0.0192836027
   0.0025775657
  -0.0240117736
  -0.0189719596
  -0.0150614500
  -0.0222680485
  -0.0114490944
  -0.0072441497
  -0.0162078182
  -0.0100817149
  -0.0075426114
   0.0026382017
   0.0028966417
   0.0106865468
   0.0006180939
   0.0057231747
  -0.0033535370
   0.0006968336
   0.0027750687
   0.0095488579
   0.0037663162
   0.0054573415
   0.0054443945
   0.0024471123
   0.0016002191
  -0.0018741489
  -0.0056850591
   0.0084686002
   0.0029750313
  -0.0034440935
   0.0035983461
  -0.0179268370
  -0.0196296489
  -0.0289348014
  -0.0245145716
  -0.0305184148
  -0.0348925120
  -0.0287306291
  -0.0287537443
  -0.0360836313
  -0.0363228892
  -0.0277225269
  -0.0356048771
  -0.0362403621
  -0.0279683939
  -0.0338339841
  -0.0295552998
  -0.0137794415
  -0.0262767809
  -0.0230415968
  -0.0140947084
   0.0009933396
  -0.0025933137
   0.0078319620
  -0.0011450022
   0.0005748113
   0.0110313531
   0.0030532166
   0.0013426550
   0.0093740821
  -0.0044683771
  -0.0023341433
  -0.0128257109
   0.0045465413
  -0.0214428135
  -0.0272494447
  -0.0346692157
  -0.0267349386
  -0.0385629011
  -0.0416263328
  -0.0370742356
  -0.0403511881
  -0.0442030888
  -0.0435688792
  -0.0377959452
  -0.0396197737
  -0.0437498033
  -0.0430747511
  -0.0369038809
  -0.0369889395
  -0.0401068765
  -0.0344039033
  -0.0247129378
  -0.0315868361
  -0.0209778297
  -0.0161576674
   0.0032689617
   0.0016198281
   0.0077026152
  -0.0001655493
   0.0024198303
   0.0023816765
   0.0072901281
   0.0080918966
   0.0074124815
   0.0085554555
   0.0063190251
   0.0003438367
   0.0016101649
  -0.0033330798
   0.0010261752
   0.0026735297
   0.0019038511
   0.0021841980
  -0.0036471092
   0.0256964581
   0.0288781156
   0.0267118272
   0.0256984110
   0.0376527052
   0.0302866964
   0.0274717610
   0.0258064704
   0.0381754561
   0.0309736442
   0.0272955769
   0.0255876946
   0.0399408388
   0.0313171760
   0.0264779759
   0.0306185454
   0.0198477246
   0.0105961794
  -0.0047241619
   0.0224426283
   0.0174527823
   0.0101169309
  -0.0007627734
  -0.0058512717
   0.0193676144
   0.0150720297
   0.0100127552
   0.0118559105
   0.0169897673
   0.0208294976
   0.0162692535
   0.0143752568
   0.0179969549
   0.0129839061
   0.0060233130
   0.0092058348
   0.0152431433
   0.0189690110
   0.0210507861
   0.0163887324
   0.0077251155
  -0.0076522110
   0.0196851301
   0.0105074160
  -0.0068119238
   0.0296357096
   0.0221170696
   0.0363763416
   0.0214678161
   0.0296381207
   0.0392161201
   0.0156674505
   0.0260027130
   0.0325108188
   0.0364973815
   0.0083229738
   0.0224615403
   0.0302744239
   0.0300976386
   0.0234233310
  -0.0012550134
   0.0059258883
  -0.0000830898
   0.0079147241
   0.0043478895
  -0.0055587271
   0.0057641532
  -0.0006511864
   0.0041526160
  -0.0028980334
   0.0029594880
   0.0035105862
   0.0017031043
  -0.0045666224
  -0.0000802754
   0.0045432586
   0.0043855249
  -0.0206957513
  -0.0050842728
   0.0030996054
   0.0058496446
   0.0048985548
  -0.0099004301
   0.0013975386
   0.0064918272
  -0.0302079882
  -0.0087872129
   0.0014438956
   0.0067386971
  -0.0127815632
  -0.0023931361
   0.0039119906
   0.0061518731
   0.0032518704
   0.0028203454
  -0.0006847949
   0.0021433071
   0.0050900258
   0.0041307467
   0.0038957405
   0.0002958207
  -0.0004866612
   0.0000128107
   0.0009647065
  -0.0022834434
  -0.0046655331
  -0.0001447579
  -0.0001121396
   0.0014109231
  -0.0009507904
  -0.0083460229
  -0.0203593494
   0.0016633117
  -0.0039977027
  -0.0164286958
   0.0012982275
  -0.0033950334
  -0.0149145516
  -0.0007147846
   0.0012709913
  -0.0006844095
  -0.0082258295
  -0.0224104209
  -0.0004915509
  -0.0003484486
   0.0008283146
  -0.0025737614
  -0.0052205510
   0.0003706031
   0.0000905586
  -0.0168970947
  -0.0076355655
  -0.0239805391
  -0.0060113713
   0.0003873038
  -0.0120091126
  -0.0016947949
   0.0022064027
  -0.0077111485
  -0.0005202007
  -0.0105461078
   0.0188052300
   0.0209114267
   0.0251288031
   0.0233798008
   0.0194623353
   0.0205749721
   0.0157602406
   0.0074049925
  -0.0112638418
   0.0201407590
   0.0223538742
   0.0212032814
   0.0080299691
   0.0069160694
   0.0100475003
   0.0064612710
   0.0152306944
   0.0083548798
   0.0257843940
   0.0102266894
   0.0209913611
   0.0066812007
   0.0287253545
   0.0176026129
   0.0107070071
   0.0078008017
  -0.0028747953
  -0.0082209376
  -0.0058235499
  -0.0079069321
  -0.0134133507
  -0.0078497436
  -0.0153465728
  -0.0125740109
  -0.0165473549
  -0.0073480552
  -0.0161114065
  -0.0121680483
  -0.0105546762
  -0.0143890075
  -0.0067862466
  -0.0049830404
  -0.0102513250
  -0.0056776180
  -0.0041741958
   0.0020906843
   0.0025463716
   0.0066852207
   0.0002175303
   0.0038164152
  -0.0028715071
   0.0005503725
   0.0028952577
   0.0060845353
   0.0035892530
   0.0047239730
   0.0038391783
   0.0030568597
   0.0000154708
  -0.0015748227
  -0.0053292491
   0.0051379520
   0.0025410953
  -0.0077145980
  -0.0033312597
   0.0019236782
  -0.0130964375
  -0.0131912474
  -0.0219943893
  -0.0185376644
  -0.0217223061
  -0.0271431128
  -0.0244529393
  -0.0192920559
  -0.0275734728
  -0.0290944695
  -0.0180874731
  -0.0270148800
  -0.0289175487
  -0.0236539193
  -0.0187541118
  -0.0259219222
  -0.0245735035
  -0.0194634194
  -0.0173470873
  -0.0097514946
   0.0003666976
   0.0047342343
  -0.0017211287
  -0.0006637069
   0.0067427237
   0.0020836320
  -0.0007033540
   0.0054360734
  -0.0045202873
  -0.0028242206
  -0.0092612532
   0.0020027027
  -0.0163145713
  -0.0205937844
  -0.0274044258
  -0.0202585700
  -0.0266963075
  -0.0332609648
  -0.0326403723
  -0.0247280027
  -0.0286036971
  -0.0350368568
  -0.0362396008
  -0.0336716076
  -0.0345806675
  -0.0358097269
  -0.0330458449
  -0.0253884488
  -0.0319545244
  -0.0309004700
  -0.0187694123
  -0.0246951211
  -0.0120927567
   0.0023038074
   0.0010740649
   0.0048363059
  -0.0008972635
   0.0018749304
   0.0014667183
   0.0007201415
  -0.0057469825
   0.0054081137
  -0.0130496393
  -0.0008302672
   0.0042693084
   0.0059759278
   0.0053360508
   0.0057120838
   0.0040857541
  -0.0004189217
   0.0008027398
  -0.0034374816
  -0.0004981326
   0.0005241354
   0.0003221509
   0.0008534736
  -0.0005690418
  -0.0061062909
  -0.0204277187
   0.0000350301
  -0.0037209926
   0.0228629211
   0.0256426588
   0.0234920366
   0.0320502187
   0.0263615529
   0.0240484960
   0.0225682017
   0.0326665951
   0.0269342180
   0.0239664763
   0.0224762827
   0.0338669892
   0.0272095342
   0.0234728942
   0.0272066795
   0.0096849319
  -0.0028944665
   0.0201520222
   0.0153135700
   0.0089325442
  -0.0004480308
   0.0168948450
   0.0122410611
   0.0071894469
   0.0092324772
   0.0145869013
   0.0186998216
   0.0136297384
   0.0116404922
   0.0153648055
   0.0101146989
   0.0031880747
   0.0065840087
   0.0127413011
   0.0166271105
   0.0186634420
   0.0142372328
   0.0069775011
  -0.0056991506
   0.0096947824
  -0.0041460527
   0.0257080260
   0.0183905858
   0.0319822870
   0.0078607096
   0.0191755704
   0.0258635369
   0.0346123427
   0.0145844390
   0.0226994693
   0.0282953983
   0.0320099010
   0.0094017729
   0.0199587104
   0.0263404089
   0.0260639413
   0.0195319907
  -0.0020244626
   0.0033351506
  -0.0031612027
   0.0052429175
   0.0013326279
  -0.0091006803
   0.0030888866
  -0.0039781319
  -0.0036993758
   0.0013057920
   0.0022033168
   0.0004598602
  -0.0061773397
  -0.0019048119
   0.0027384956
   0.0029108515
  -0.0128623587
  -0.0022733494
   0.0028392806
   0.0043423837
  -0.0204818994
  -0.0049428655
   0.0022733891
  -0.0180145445
  -0.0046038019
   0.0022798061
  -0.0177892062
  -0.0084830445
  -0.0007399112
   0.0033918884
   0.0047039349
   0.0019121433
   0.0015696149
  -0.0023082480
   0.0002947422
   0.0033659069
   0.0027561950
   0.0022985501
  -0.0010727525
  -0.0015371191
  -0.0011719069
  -0.0005242200
  -0.0037956820
  -0.0059219716
  -0.0011165297
   0.0000859965
  -0.0010017847
  -0.0056489993
  -0.0147191922
  -0.0024622470
  -0.0103951772
  -0.0272820174
   0.0006072578
  -0.0023015138
  -0.0094228789
  -0.0255435634
  -0.0001909105
  -0.0009145053
  -0.0054075655
  -0.0151945894
  -0.0014675427
  -0.0014901951
  -0.0006365852
  -0.0040353017
  -0.0063434873
  -0.0003340987
  -0.0011582689
  -0.0080838263
  -0.0089981068
  -0.0020065131
  -0.0153884763
  -0.0045385121
  -0.0001507341
  -0.0108405687
  -0.0028716179
  -0.0107240876
   0.0158684466
   0.0203128217
   0.0196639176
   0.0197055814
   0.0167349531
   0.0176724115
   0.0135393731
   0.0066697860
  -0.0075764784
   0.0180394473
   0.0139972724
   0.0175485596
   0.0191863193
   0.0243653544
   0.0180341842
   0.0072359149
   0.0101487335
   0.0063476589
   0.0090941835
   0.0058073401
   0.0126377969
   0.0071617635
   0.0205894491
   0.0081028648
   0.0164593905
   0.0077608079
   0.0228705716
   0.0105571749
   0.0145296803
   0.0057714773
   0.0089968265
   0.0069719150
  -0.0012458696
  -0.0050423509
  -0.0030065792
  -0.0053061400
  -0.0085831625
  -0.0045155993
  -0.0105985200
  -0.0065611250
  -0.0100309051
  -0.0105061421
  -0.0020751231
  -0.0103644036
  -0.0104644012
  -0.0015103868
  -0.0110283055
  -0.0058845061
  -0.0072972857
  -0.0093189579
  -0.0037018102
  -0.0032563230
  -0.0064367419
  -0.0028417033
  -0.0020040868
   0.0017801617
   0.0025953517
   0.0002042154
   0.0027188575
   0.0006709152
   0.0027163787
   0.0040172244
   0.0035622923
   0.0043098627
   0.0029007541
   0.0032454817
  -0.0006692992
  -0.0011812868
  -0.0047034596
   0.0024415461
  -0.0051080633
  -0.0029485783
   0.0011634979
  -0.0097933438
  -0.0093048910
  -0.0162997327
  -0.0140947757
  -0.0150736182
  -0.0203792789
  -0.0200097574
  -0.0125024567
  -0.0207286778
  -0.0230676627
  -0.0201944941
  -0.0195270950
  -0.0232728411
  -0.0228390624
  -0.0196204252
  -0.0225944559
  -0.0205890106
  -0.0114794263
  -0.0187394346
  -0.0194674668
  -0.0151231365
  -0.0138016818
  -0.0128202432
  -0.0068306737
  -0.0003063466
   0.0027594607
  -0.0013519792
   0.0043113193
   0.0011615890
  -0.0016994876
   0.0030575363
  -0.0043131795
  -0.0029566245
  -0.0070879921
   0.0006047842
  -0.0128142043
  -0.0159280838
  -0.0211866594
  -0.0156759479
  -0.0247717266
  -0.0266631160
  -0.0238337241
  -0.0265513951
  -0.0294399532
  -0.0288861730
  -0.0246297933
  -0.0281227403
  -0.0302084829
  -0.0296456321
  -0.0262004501
  -0.0257948191
  -0.0287641645
  -0.0280416172
  -0.0232171055
  -0.0235103369
  -0.0250979410
  -0.0213428569
  -0.0143278512
  -0.0186728925
   0.0013891483
   0.0007746954
   0.0031681343
   0.0012999818
   0.0009505725
   0.0002496465
  -0.0039570153
   0.0034189265
  -0.0070178838
   0.0004267036
   0.0035191616
   0.0043448248
   0.0008841250
   0.0036516468
   0.0044731079
   0.0039837615
   0.0035776340
   0.0026904671
  -0.0005753830
   0.0003544800
  -0.0033287022
  -0.0107776306
  -0.0049436861
  -0.0011760424
  -0.0004975388
  -0.0003527462
  -0.0009012959
  -0.0039818525
  -0.0118075568
  -0.0005121777
  -0.0008113154
  -0.0017704106
  -0.0063531089
  -0.0036445759
   0.0207460302
   0.0270335953
   0.0229995684
   0.0211987229
   0.0199508925
   0.0276436419
   0.0234731629
   0.0213864556
   0.0200262679
   0.0282131949
   0.0237777296
   0.0212285053
   0.0288405020
   0.0238928331
   0.0209619913
   0.0236869899
  -0.0028943692
   0.0152749726
   0.0093674348
   0.0009778819
   0.0172454593
   0.0131024985
   0.0077909465
   0.0007903952
  -0.0046173237
   0.0145373202
   0.0104217418
   0.0064304228
   0.0080409469
   0.0126168313
   0.0160732857
   0.0116588966
   0.0096479937
   0.0128942332
   0.0083033704
   0.0029601532
   0.0055334023
   0.0107429148
   0.0140405863
   0.0157327789
   0.0118251710
   0.0056919948
  -0.0039011191
   0.0146111595
   0.0086768748
  -0.0009383604
   0.0270169269
   0.0157658876
   0.0217566281
   0.0304034599
   0.0134867252
   0.0199279619
   0.0247646070
   0.0303494540
   0.0138720670
   0.0201705781
   0.0249053340
   0.0270520620
   0.0166048397
   0.0222418141
   0.0219448814
   0.0163853987
   0.0021349736
  -0.0030970237
   0.0031894565
  -0.0007983637
   0.0030979630
  -0.0010019989
   0.0017288597
  -0.0040722410
  -0.0034067902
   0.0002445794
   0.0013530994
  -0.0003929531
  -0.0053684598
  -0.0024442933
   0.0013695616
   0.0018625888
  -0.0107389470
  -0.0027669967
   0.0014905526
   0.0029029213
   0.0020669338
  -0.0102403001
  -0.0019801163
   0.0022151704
  -0.0129109915
  -0.0083250365
  -0.0013606362
   0.0025261793
  -0.0123256846
  -0.0068213287
  -0.0011671094
   0.0021457319
   0.0032137468
   0.0012175526
   0.0007498144
  -0.0022073608
  -0.0004417297
   0.0020749606
   0.0018536441
   0.0012507993
  -0.0019033437
  -0.0019356441
  -0.0017667245
  -0.0015234117
  -0.0040875224
  -0.0053927195
  -0.0018145361
  -0.0009594667
  -0.0018452853
  -0.0054592918
  -0.0118215463
  -0.0017679540
  -0.0059786326
  -0.0142346762
  -0.0067904923
  -0.0176474059
  -0.0005371552
  -0.0017563757
  -0.0055728049
  -0.0136093383
  -0.0011741683
  -0.0018193157
  -0.0053871597
  -0.0123459970
  -0.0018073771
  -0.0019919587
  -0.0016175166
  -0.0042633794
  -0.0055593139
  -0.0010817244
  -0.0018984765
  -0.0075506878
  -0.0087650787
  -0.0029720009
  -0.0164844992
  -0.0064277038
  -0.0019018460
  -0.0177944896
  -0.0069674851
  -0.0022015778
  -0.0107071234
  -0.0038871644
  -0.0097713952
